2428935.58175 75.4922181733 9.10024047873e-06 43.8233508277 5.80874852139e-06 -0.67943636709 -0.156610290613
2428941.42575 75.492220243 7.02687451259e-06 43.8233726499 1.32074478691e-05 -0.614418265107 -0.114611919087
2428948.3655 75.4922151318 6.36570798858e-06 43.8233711879 5.81593494037e-06 -0.528982864287 -0.0632146759503
2428955.6705 75.4921989723 2.67983800967e-05 43.8233782978 9.8015903289e-06 -0.430672384175 -0.00810872966191
2429164.76725 75.4922094758 3.33473900311e-06 43.8233703822 2.71443963877e-06 0.0861618182779 -0.160678644346
2429165.863 75.4922041095 5.79165615987e-06 43.8233764841 5.76253851018e-06 0.0689457297134 -0.16820744773
2429187.0475 75.4922267288 6.89388615602e-06 43.8233728155 4.27173571763e-06 -0.261124469205 -0.299009205842
2433313.46825 75.4922077909 2.63356346254e-06 43.8233460872 3.09897895461e-06 -0.730635140355 -0.193190861428
2433314.564 75.4922080311 6.33583113698e-06 43.8233488023 2.86790986613e-06 -0.720201281919 -0.185730478622
2433317.486 75.4922143613 6.49320178605e-06 43.8233540472 5.74005530361e-06 -0.691096387774 -0.165510849402
2435781.232 75.4922176069 4.74353094492e-06 43.8233222638 3.08694152608e-06 -0.53628484652 -0.387178664955
2435782.32775 75.4922149285 4.26092177921e-06 43.8233334778 2.64203169721e-06 -0.550166319227 -0.390747162135
2435789.2675 75.4922134288 3.80075683498e-06 43.823338698 3.35147852502e-06 -0.633171053401 -0.410035785452
2435790.36325 75.4922165422 5.00442856712e-06 43.8233385932 3.42379466964e-06 -0.645451650696 -0.412540277986
2435812.27825 75.4922204994 3.37854847883e-06 43.8233383403 2.67576522645e-06 -0.836039274701 -0.430105228052
2435853.93625 75.4922262914 3.13876148258e-06 43.823345882 2.57698276483e-06 -0.851290588832 -0.295337343571
2435881.0605 75.4922244254 4.00308430483e-06 43.8233416024 3.37530958708e-06 -0.616074155258 -0.117955681862
2435883.9825 75.4922276363 3.16487289103e-06 43.8233412987 2.63174807503e-06 -0.581294858663 -0.096519767038
2435889.096 75.4922204008 2.82775264342e-06 43.8233505159 1.90061578217e-06 -0.516840854591 -0.0584505752767
2435889.8265 75.4922213229 3.30473951836e-06 43.82335308 2.22377308239e-06 -0.507284841609 -0.0529681902981
2436121.2035 75.4922196954 7.16916991688e-06 43.823343579 3.98593694622e-06 -0.175807764215 -0.270132816215
2436140.1965 75.4922083 6.96588256501e-06 43.8233375209 4.27915296422e-06 -0.455575565788 -0.36499399695
2436171.97325 75.4922216323 3.51011621829e-06 43.8233444078 2.56516453036e-06 -0.800958447469 -0.432647106272
2436188.04425 75.4922179348 4.13461191227e-06 43.8233464667 2.21202932737e-06 -0.887653068546 -0.417092447901
2436208.6135 75.4922188782 3.68512374569e-06 43.823343489 4.00753873452e-06 -0.895548122403 -0.349483873579
2436252.635 75.4922066553 1.11593647809e-05 43.8233382131 4.34721277808e-06 -0.541543346712 -0.0722685055962
2436585.3015 75.4922244399 6.42285539713e-06 43.8233361006 2.51289160477e-06 -0.851363778456 -0.292194217234
2436586.39725 75.4922266375 4.3077932933e-06 43.8233377201 2.6746181931e-06 -0.8450721615 -0.285986726448
2436596.62425 75.4922207374 2.8702823157e-06 43.8233413488 1.67416308269e-06 -0.771681238457 -0.223316261631
2436619.46125 75.49222375 4.38967036967e-06 43.8233424365 3.06156827634e-06 -0.523370193143 -0.0610765994899
2436622.38325 75.492227782 3.5524728202e-06 43.8233431054 3.35913225434e-06 -0.484710180714 -0.0390967258353
2436623.479 75.4922206443 2.48678295147e-06 43.8233445809 2.91485302914e-06 -0.469880455973 -0.0308279606272
2436625.30525 75.4922177294 3.65202640022e-06 43.8233432864 2.09388843473e-06 -0.444798247734 -0.0170229410275
2436853.76025 75.4922223687 5.92923699004e-06 43.8233406953 2.32140041982e-06 -0.211246402059 -0.282905191969
2436869.83125 75.4922210852 3.62253348761e-06 43.8233434275 1.26076254454e-06 -0.44723602017 -0.362310196574
2436906.7215 75.4922277667 3.64372119307e-06 43.8233454653 2.34169517509e-06 -0.833948151546 -0.432664480939
2436911.46975 75.4922262364 9.88335979457e-06 43.8233431557 3.4446530527e-06 -0.861371074347 -0.428922511987
2436921.3315 75.4922244093 3.92662102835e-06 43.8233374969 3.32009355232e-06 -0.899123734109 -0.411739209023
2436921.69675 75.4922132797 2.70652560667e-06 43.8233429705 2.78960471629e-06 -0.900014458752 -0.410861139384
2436933.38475 75.4922208704 4.1265295421e-06 43.8233388276 2.45881206154e-06 -0.908789125655 -0.37412287694
2436942.266 75.4922253489 2.69610842869e-06 43.8233428947 1.84414832372e-06 -0.88979478471 -0.335577013576
2436949.20575 75.4922214719 3.9085139241e-06 43.8233381494 3.55947792939e-06 -0.859897106016 -0.299760217577
2436953.2235 75.4922183678 7.69547486506e-06 43.823340702 4.1778352968e-06 -0.836745785396 -0.276969261415
2436963.08525 75.4922150506 3.41930434034e-06 43.8233415675 3.55365792794e-06 -0.762547191417 -0.215441623174
2439516.43275 75.492220804 3.28493105451e-06 43.8233302677 3.05091793773e-06 -0.78083490727 -0.233154079944
2440235.8405 75.492222193 6.0023104115e-06 43.8233243498 3.12707168662e-06 -0.855654776209 -0.300464167368
2440253.8335 75.4921977691 1.42662927156e-06 43.8233177484 5.32038114984e-06 -0.723445732022 -0.18942851512
2440272.096 75.4921940723 6.78393005543e-06 43.8233154465 3.88602139188e-06 -0.515947760063 -0.0576520534879
2440495.4375 75.4921959741 3.93215593539e-06 43.8233044444 2.36440385926e-06 -0.0351233979501 -0.214100811401
2441342.43275 75.4921982083 4.4314234102e-06 43.8233175045 3.7281741943e-06 -0.789861510414 -0.237838942596
2441347.181 75.4921950824 3.44920593184e-06 43.8233084815 3.06009323623e-06 -0.749975364594 -0.206969416455
2441637.6505 75.492203977 4.64943300874e-06 43.8233216259 1.85271779107e-06 -0.68254463514 -0.418764224157
2441697.20575 75.4921953568 5.33293826759e-06 43.8233106759 4.01356661852e-06 -0.85786787522 -0.299385581737
2441974.33475 75.4922136087 4.95389959952e-06 43.8233316323 7.07114223245e-06 -0.312329429459 -0.317612239774
2441976.52625 75.4921967637 8.46319522371e-06 43.8233278166 4.23274456603e-06 -0.344614768732 -0.328470337939
2441978.3525 75.4921874306 6.74384955184e-06 43.8233071156 2.47880469968e-06 -0.371144191302 -0.337174252843
2441979.44825 75.4921923237 5.43651484337e-06 43.8233252208 2.38779705916e-06 -0.386877704573 -0.342209402505
2441980.544 75.4922013812 3.06053761064e-06 43.8233175893 2.98411270649e-06 -0.402468965395 -0.347142993363
2442020.35625 75.4922151427 1.06730688682e-05 43.823323589 7.37006024324e-06 -0.829408105032 -0.42968590664
2442059.9185 75.4921930155 5.94914185845e-06 43.8233198925 3.75580199441e-06 -0.868822812457 -0.312165124324
2442062.8405 75.4922167247 8.38674026157e-06 43.8233400911 5.56317889567e-06 -0.854623836394 -0.296511339008
2442064.66675 75.4921884403 7.22911981195e-06 43.8233121848 3.56059604387e-06 -0.844581541252 -0.286301544186
2442078.9115 75.4922074077 6.54761774771e-06 43.8233152161 6.97484446741e-06 -0.737261637096 -0.197458411855
2442099.92225 75.4922066177 5.91064242974e-06 43.823317385 2.26795557756e-06 -0.497980121195 -0.0458303409679
2442323.26375 75.4922259331 1.13464673115e-05 43.8233472255 1.25829790104e-05 -0.0593209817289 -0.222653779398
2442327.46412 75.4922095759 4.46449935136e-06 43.8233376903 3.96046029239e-06 -0.125165576564 -0.248832697267
2442328.012 75.4922264148 7.06085402631e-06 43.8233390142 5.73533739139e-06 -0.133696353351 -0.252153182345
2442334.5865 75.4922217445 4.63107835873e-06 43.8233430066 4.4575707943e-06 -0.23516084866 -0.290178272948
2442352.1185 75.492222862 7.2927911276e-06 43.8233365139 5.54486871994e-06 -0.487381101216 -0.372004403255
2442353.21425 75.4922004631 6.9123287813e-06 43.8233166724 3.41651384658e-06 -0.501895939501 -0.376059387928
2442368.1895 75.4922200987 5.9521693147e-06 43.823320322 7.80383769818e-06 -0.679662372106 -0.417020489073
2442398.14 75.4922100844 6.83928577969e-06 43.8233354871 3.33333919078e-06 -0.886603518249 -0.412354346973
2442435.51075 75.4922141217 2.26981239551e-05 43.8233311285 3.85838333211e-06 -0.806351057567 -0.252299231617
2442454.69525 75.4921970817 6.00817796284e-06 43.8233320912 2.80555960408e-06 -0.625872980638 -0.122603622453
2442455.42575 75.492185359 6.47826720925e-06 43.8233145836 7.39898670638e-06 -0.61743659229 -0.117274034983
2442462.3655 75.4921951486 7.8526421712e-06 43.8233227249 7.43800690357e-06 -0.532522986652 -0.0659553854044
2442463.46125 75.4922119013 1.44418665737e-05 43.8233149994 1.1694910819e-05 -0.518378180981 -0.0577392624761
2442467.479 75.4921945153 6.32459596064e-06 43.8233244635 5.10001594418e-06 -0.464874696541 -0.0274855272481
2442705.79575 75.4922157007 5.16877099959e-06 43.8233205269 3.98038165079e-06 -0.322126625419 -0.320469062035
2442716.75325 75.4921878543 8.10122754648e-06 43.8233033712 8.17226125675e-06 -0.47681654746 -0.368788844035
2442720.771 75.4922174083 8.35110638453e-06 43.8233204098 2.93277701232e-06 -0.529473841102 -0.383220875643
2442721.86675 75.4921926048 4.87367706866e-06 43.8233183049 2.74862518819e-06 -0.543418339148 -0.386833892867
2442722.59725 75.4921942828 5.48048133735e-06 43.8233280158 1.39364233499e-06 -0.552589225998 -0.389157091708
2442723.47385 75.4922026661 1.14989508139e-05 43.8233090016 1.48602801654e-06 -0.563469624343 -0.391883502708
2442734.6505 75.4922049319 6.33734801529e-06 43.823327494 3.18415825671e-06 -0.689768079761 -0.418182382494
2442737.5725 75.4921871279 6.33933100003e-06 43.8233204511 2.91782995605e-06 -0.718632087321 -0.422464805436
2442778.59575 75.4922057771 7.7550577009e-06 43.8233335004 5.88688548419e-06 -0.898301304411 -0.364938903095
