2428935.58175 75.4922406424 8.19945975283e-06 43.8233577125 5.08085554695e-06 -0.67945144875 -0.156617559942
2428941.42575 75.4922475224 7.49754925036e-06 43.8233802212 1.24237535553e-05 -0.614438540593 -0.114620409887
2428948.3655 75.4922374062 6.08908550734e-06 43.823381727 4.50312423318e-06 -0.529001100274 -0.0632253858708
2428955.6705 75.4922212548 3.12820892394e-05 43.8233972756 8.36907742243e-06 -0.430692108813 -0.00812728660034
2429164.76725 75.4922340019 2.49562726474e-06 43.8233854934 2.82069527274e-06 0.0861861915409 -0.160663490327
2429165.863 75.4922249234 4.78485996685e-06 43.8233918964 5.26660158242e-06 0.0689664345927 -0.168192108853
2429187.0475 75.4922480508 5.99476558264e-06 43.823389552 4.09663019912e-06 -0.261104327069 -0.298994876762
2433313.46825 75.4922275939 1.96172681917e-06 43.82335579 2.7580301721e-06 -0.730646935114 -0.193199304826
2433314.564 75.49222402 6.46894730435e-06 43.8233602371 2.84625507909e-06 -0.720211047813 -0.185739715084
2433317.486 75.4922325813 5.93175566395e-06 43.8233625007 4.92351612557e-06 -0.691108233771 -0.165518632927
2435781.232 75.4922301298 4.85564157543e-06 43.8233285679 3.06032708132e-06 -0.536274826388 -0.387175010795
2435782.32775 75.4922255561 4.09133387227e-06 43.8233384742 2.19889309333e-06 -0.550157940863 -0.390744411388
2435789.2675 75.4922255093 4.30943155913e-06 43.8233467174 3.75778039912e-06 -0.633162508907 -0.41003177879
2435790.36325 75.4922287278 4.39355562421e-06 43.8233428169 3.79354981978e-06 -0.645443199582 -0.4125388356
2435812.27825 75.4922347223 2.71649614638e-06 43.8233446276 2.5702641035e-06 -0.836033974104 -0.430105170657
2435853.93625 75.4922350327 3.38253454665e-06 43.8233546449 2.84241645616e-06 -0.851293552756 -0.295341945423
2435881.0605 75.4922332495 3.33948324199e-06 43.8233494348 3.33734766348e-06 -0.616080575072 -0.117962461519
2435883.9825 75.492234748 2.93733238798e-06 43.8233466785 2.3493647161e-06 -0.581300269436 -0.0965246499862
2435889.096 75.4922334793 2.74567499849e-06 43.8233559995 1.60392622282e-06 -0.516851503495 -0.0584562184414
2435889.8265 75.4922345749 3.33916495283e-06 43.8233585176 2.40066041768e-06 -0.507295725918 -0.0529738235697
2436121.2035 75.4922310804 6.29179332619e-06 43.8233485559 3.85593924208e-06 -0.175796552858 -0.270128384969
2436140.1965 75.4922209827 7.51643134046e-06 43.8233386661 4.63462784679e-06 -0.455564636036 -0.364993979022
2436171.97325 75.4922316689 3.07751115413e-06 43.8233476269 1.91957415001e-06 -0.800953822547 -0.432647099629
2436188.04425 75.4922289592 5.10984516749e-06 43.8233550407 3.04908612557e-06 -0.887650905455 -0.417092866259
2436208.6135 75.4922317818 3.54555345607e-06 43.8233459567 3.32307108518e-06 -0.895550204871 -0.349486244266
2436252.635 75.492224094 9.05258080889e-06 43.8233473539 4.86982238889e-06 -0.541557257662 -0.0722774911064
2436585.3015 75.4922386437 5.47963748224e-06 43.8233442748 3.06050265967e-06 -0.851368825341 -0.292199455789
2436586.39725 75.4922332621 3.34111759384e-06 43.8233461862 2.62657260611e-06 -0.845074633065 -0.285991199654
2436596.62425 75.4922318376 1.87789100357e-06 43.8233463531 1.70266145317e-06 -0.771687135163 -0.223320488976
2436619.46125 75.4922362808 4.27858237112e-06 43.8233489198 4.21826879403e-06 -0.523380409778 -0.061083054502
2436622.38325 75.4922440681 3.89221235852e-06 43.8233482724 3.81723524009e-06 -0.484723910201 -0.0391024192204
2436623.479 75.4922367432 2.60326286971e-06 43.8233489794 2.45968952995e-06 -0.469894185838 -0.030832978846
2436625.30525 75.4922318214 3.49229039907e-06 43.8233510658 1.95293882367e-06 -0.444810486938 -0.0170307972344
2436853.76025 75.4922328275 4.8636144131e-06 43.8233514735 1.86658618168e-06 -0.211236231393 -0.282895415376
2436869.83125 75.4922337529 3.49656173829e-06 43.8233483907 1.62763544296e-06 -0.447225054537 -0.362307030383
2436906.7215 75.4922440873 3.43835428561e-06 43.8233498266 2.92238160219e-06 -0.833941794747 -0.432665217314
2436911.46975 75.4922376614 9.15608151845e-06 43.8233475278 3.63889471176e-06 -0.861367512936 -0.428922990018
2436921.3315 75.4922386441 3.74928888243e-06 43.8233421602 3.3782974638e-06 -0.899121683693 -0.41174086245
2436921.69675 75.4922273048 3.01259858756e-06 43.8233475996 2.49545022551e-06 -0.900012527366 -0.410862796637
2436933.38475 75.4922318448 3.6076050323e-06 43.8233423085 2.18466355598e-06 -0.908789852387 -0.374124897832
2436942.266 75.4922348412 2.55828253505e-06 43.8233504281 1.57102403954e-06 -0.889796869811 -0.335580431643
2436949.20575 75.4922329885 3.34013943929e-06 43.8233457969 3.82724226465e-06 -0.859900974429 -0.299764754187
2436953.2235 75.4922306655 7.15537630056e-06 43.8233459589 3.95578721782e-06 -0.836750716764 -0.276973258518
2436963.08525 75.4922259318 2.9514806002e-06 43.8233497574 2.78917166759e-06 -0.762553193907 -0.215447794918
2439516.43275 75.4922283641 3.07881589035e-06 43.8233359116 2.39549370248e-06 -0.780838705098 -0.233158096782
2440235.8405 75.4922252849 5.78231202344e-06 43.8233301761 3.13078705234e-06 -0.855655776609 -0.300466776033
2440253.8335 75.4922126211 2.53806280453e-06 43.8233203546 4.91388132418e-06 -0.723454628273 -0.189431876292
2440272.096 75.4922040856 6.76987495486e-06 43.8233208511 3.42683031757e-06 -0.515955943614 -0.0576573947574
2440495.4375 75.4921994061 4.13684424316e-06 43.8233052413 2.32236257914e-06 -0.0351199539678 -0.214100047945
2441342.43275 75.4922017157 2.61510570629e-06 43.8233218655 4.03747177907e-06 -0.789863256976 -0.237841746826
2441347.181 75.4921972939 3.27285752584e-06 43.8233111125 2.74567144495e-06 -0.749976620331 -0.20697127937
2441637.6505 75.4922104576 4.42056881659e-06 43.8233257235 2.33819181085e-06 -0.682540462823 -0.418762527699
2441697.20575 75.492199558 5.01099583329e-06 43.8233128213 4.00207737569e-06 -0.857869279011 -0.299386981329
2441974.33475 75.4922194749 5.15016584159e-06 43.823335582 7.74445892391e-06 -0.31232397916 -0.317609014375
2441976.52625 75.4922002907 8.47750171057e-06 43.8233313271 4.31578514479e-06 -0.344611543365 -0.328467463935
2441978.3525 75.4921919498 7.66051704455e-06 43.8233066636 3.23575734273e-06 -0.371140118237 -0.337174906535
2441979.44825 75.4921969457 5.44994179311e-06 43.8233257013 2.32105228775e-06 -0.386873577464 -0.342209277405
2441980.544 75.4922057398 2.65312510349e-06 43.8233229346 3.85510418598e-06 -0.4024651113 -0.34713878162
2442020.35625 75.4922252503 1.34065951961e-05 43.8233374365 7.65264862687e-06 -0.829404231148 -0.429682812582
2442059.9185 75.4921985043 5.61488818269e-06 43.8233256227 3.83200948488e-06 -0.868824423377 -0.312167869288
2442062.8405 75.4922235832 8.18056463329e-06 43.8233436629 4.74681204567e-06 -0.854626181191 -0.296513673301
2442064.66675 75.4921958543 8.43261137854e-06 43.8233167788 3.42184811247e-06 -0.844584297178 -0.28630447588
2442078.9115 75.4922120707 5.94974748166e-06 43.8233212415 8.02693224442e-06 -0.737264382679 -0.197462739939
2442099.92225 75.4922126957 5.46014063972e-06 43.823323352 2.1201789205e-06 -0.497985219701 -0.0458359332927
2442323.26375 75.4922356028 1.10410401029e-05 43.8233566832 1.28854227004e-05 -0.0593113695088 -0.222644686225
2442327.46412 75.4922189329 3.90307664679e-06 43.8233424427 3.83678107465e-06 -0.125156364441 -0.248828333661
2442328.012 75.492237166 5.91114525462e-06 43.8233438799 4.62255492505e-06 -0.133685786054 -0.252148763006
2442334.5865 75.4922307497 3.40678802215e-06 43.8233468687 5.89163716815e-06 -0.235152234417 -0.29017504619
2442352.1185 75.4922289481 9.08082277044e-06 43.8233452197 5.47879601863e-06 -0.487376067031 -0.371998098903
2442353.21425 75.492207504 6.71235224469e-06 43.8233228203 3.60086560166e-06 -0.501890191482 -0.376055234939
2442368.1895 75.4922252428 6.22613696013e-06 43.8233238424 8.14400048208e-06 -0.679659074886 -0.417018992631
2442398.14 75.4922260266 7.78734345737e-06 43.8233429568 3.23073018071e-06 -0.886600758725 -0.412355768598
2442435.51075 75.4922251633 2.19375015296e-05 43.823337499 3.52193917642e-06 -0.806356147199 -0.252303872634
2442454.69525 75.4922115346 6.00099831196e-06 43.8233347952 1.8484811676e-06 -0.625883485044 -0.122607097869
2442455.42575 75.4921928272 4.40169095679e-06 43.8233229703 5.87785922287e-06 -0.617442085081 -0.11728116979
2442462.3655 75.4922074181 7.33903318637e-06 43.8233287155 7.24350726215e-06 -0.532532945902 -0.0659614077947
2442463.46125 75.4922170093 1.41151757106e-05 43.8233190535 1.18757790348e-05 -0.51838238316 -0.0577430969657
2442467.479 75.492206201 5.69440099973e-06 43.8233298084 5.35053099699e-06 -0.464884749378 -0.0274910675318
2442705.79575 75.492222353 5.06476016985e-06 43.8233273631 4.38869886365e-06 -0.322120488842 -0.320463365743
2442716.75325 75.4921933481 7.84116162971e-06 43.8233015245 7.65294587844e-06 -0.476811967379 -0.368790708795
2442720.771 75.4922235553 8.61697727051e-06 43.8233258351 3.21379286837e-06 -0.529468964425 -0.383217365116
2442721.86675 75.4921945195 3.64925784881e-06 43.8233205324 3.00533499809e-06 -0.543416842553 -0.38683243241
2442722.59725 75.4922038146 7.20014878702e-06 43.8233301516 2.24409637537e-06 -0.552581851418 -0.389156385214
2442723.47385 75.4922073474 8.23932956349e-06 43.8233118285 1.86329450792e-06 -0.56346604796 -0.391881910681
2442734.6505 75.4922107381 5.7436334313e-06 43.8233319728 2.91735728399e-06 -0.689764449162 -0.418180480397
2442737.5725 75.4921932593 6.87044719099e-06 43.823323747 2.50881583927e-06 -0.718628501199 -0.422463773889
2442778.59575 75.492214276 7.22489484519e-06 43.8233367326 4.82873002404e-06 -0.89830207581 -0.364940597814
