2428935.58175 75.4922681211 8.20072280638e-06 43.8233517993 5.08078789579e-06 -0.679469892477 -0.156616346967
2428941.42575 75.4922749982 7.49780129681e-06 43.8233743106 1.24248636581e-05 -0.614458961592 -0.114618523956
2428948.3655 75.4922648728 6.08910680985e-06 43.8233758195 4.50389829383e-06 -0.529023586739 -0.0632227273182
2428955.6705 75.4922487136 3.12831413932e-05 43.8233913721 8.37223345206e-06 -0.430716415256 -0.00812385786154
2429164.76725 75.4922612083 2.49582311125e-06 43.8233796426 2.82088656391e-06 0.0862132283406 -0.16066885708
2429165.863 75.4922521287 4.78549753209e-06 43.8233860472 5.26693474285e-06 0.0689934973497 -0.168197547031
2429187.0475 75.4922752319 5.99516936908e-06 43.8233837064 4.09697071185e-06 -0.261078649876 -0.299001312295
2433313.46825 75.4922497553 1.96174580337e-06 43.823351029 2.758223927e-06 -0.730660134207 -0.193198848425
2433314.564 75.4922461803 6.4692589636e-06 43.823355477 2.84653203381e-06 -0.720224582845 -0.185739154928
2433317.486 75.4922547391 5.93225851169e-06 43.8233577409 4.92377911203e-06 -0.691122639676 -0.165517796221
2435781.232 75.4922492912 4.855835345e-06 43.8233244528 3.06055175081e-06 -0.536259494333 -0.387179716766
2435782.32775 75.4922447171 4.09156978249e-06 43.8233343603 2.19899840853e-06 -0.550142834959 -0.390749106987
2435789.2675 75.4922446628 4.30950347306e-06 43.8233426057 3.75810622945e-06 -0.633148961517 -0.410036373421
2435790.36325 75.4922478798 4.39376632818e-06 43.8233387051 3.79377092736e-06 -0.645429916847 -0.41254340845
2435812.27825 75.4922538481 2.71661305653e-06 43.8233405213 2.57041385185e-06 -0.836026846026 -0.43010896842
2435853.93625 75.4922541098 3.38269244383e-06 43.8233505499 2.84258272254e-06 -0.851300021027 -0.295342915831
2435881.0605 75.4922522917 3.33967971346e-06 43.8233453471 3.33751775593e-06 -0.616094428718 -0.11796122926
2435883.9825 75.4922537865 2.93737491752e-06 43.8233425913 2.34955342205e-06 -0.581314754296 -0.0965231891859
2435889.096 75.4922525127 2.74581641044e-06 43.8233519142 1.60402712105e-06 -0.516867000899 -0.0584543684015
2435889.8265 75.4922536078 3.33924443323e-06 43.8233544326 2.40087378405e-06 -0.507311358116 -0.0529719191326
2436121.2035 75.4922498333 6.29211722131e-06 43.8233445307 3.85615228837e-06 -0.175778085926 -0.270132746872
2436140.1965 75.4922397109 7.51688754467e-06 43.8233346459 4.63484178378e-06 -0.455548496232 -0.364998603105
2436171.97325 75.4922503601 3.07771231002e-06 43.8233436149 1.91965812771e-06 -0.800945209321 -0.432651063387
2436188.04425 75.4922476315 5.11014497791e-06 43.8233510334 3.04921445402e-06 -0.887647241528 -0.41709601803
2436208.6135 75.492250428 3.54564808968e-06 43.8233419543 3.3233125873e-06 -0.895553213853 -0.349488009048
2436252.635 75.492242684 9.05311281383e-06 43.8233433639 4.87006100648e-06 -0.541572086829 -0.0722758149818
2436585.3015 75.4922568319 5.47977233524e-06 43.8233403707 3.06082024506e-06 -0.85137528771 -0.292200319107
2436586.39725 75.492251449 3.34118928005e-06 43.8233422829 2.62675778092e-06 -0.845081418205 -0.285991978603
2436596.62425 75.4922500122 1.87801852941e-06 43.8233424524 1.70274227121e-06 -0.771696789764 -0.223320470739
2436619.46125 75.4922544257 4.27893328248e-06 43.8233450256 4.2184187927e-06 -0.523395203565 -0.0610813040142
2436622.38325 75.4922622097 3.8924264253e-06 43.8233443785 3.81744205018e-06 -0.484739203757 -0.0391004622103
2436623.479 75.4922548832 2.60343138424e-06 43.8233450862 2.45982018306e-06 -0.469909656299 -0.030830946146
2436625.30525 75.4922499592 3.49245688268e-06 43.8233471735 1.95307492984e-06 -0.444826239875 -0.0170286399372
2436853.76025 75.4922506901 4.86396264916e-06 43.8233476405 1.86660753879e-06 -0.211218860844 -0.282899613755
2436869.83125 75.4922515958 3.49670241628e-06 43.8233445617 1.62770302867e-06 -0.447209608937 -0.362311427903
2436906.7215 75.4922618861 3.43867589309e-06 43.8233460067 2.92243646946e-06 -0.833934861943 -0.432668808637
2436911.46975 75.4922554538 9.15634690283e-06 43.8233437095 3.63936355056e-06 -0.861361966449 -0.428926358773
2436921.3315 75.4922564241 3.74979877394e-06 43.8233383441 3.37829426492e-06 -0.899119122362 -0.411743697773
2436921.69675 75.4922450842 3.01279829619e-06 43.8233437844 2.49554843847e-06 -0.900010078723 -0.410865610298
2436933.38475 75.4922496098 3.60785280578e-06 43.8233384959 2.18473398586e-06 -0.908791028565 -0.374126969032
2436942.266 75.4922525961 2.55839994842e-06 43.8233466181 1.57110742669e-06 -0.889800769678 -0.335581879693
2436949.20575 75.4922507343 3.34045814859e-06 43.8233419886 3.8273441431e-06 -0.859906935001 -0.299765691071
2436953.2235 75.4922484065 7.15589397075e-06 43.8233421517 3.95584906533e-06 -0.836757830669 -0.276973893061
2436963.08525 75.4922436609 2.95169937281e-06 43.8233459533 2.78929380408e-06 -0.76256297377 -0.215447678172
2439516.43275 75.4922429897 3.07892081459e-06 43.8233327754 2.39562320749e-06 -0.780846052165 -0.233158191755
2440235.8405 75.492239035 5.78263352642e-06 43.8233272282 3.13080635764e-06 -0.855660225423 -0.30046753052
2440253.8335 75.4922263471 2.53815920955e-06 43.8233174118 4.91408412634e-06 -0.723462849916 -0.189431573757
2440272.096 75.4922177887 6.77009306779e-06 43.8233179135 3.42701636393e-06 -0.515967142636 -0.057656055439
2440495.4375 75.492212839 4.13689290596e-06 43.8233023612 2.32255779282e-06 -0.0351064741651 -0.214102950822
2441342.43275 75.4922141198 2.61520066795e-06 43.8233192076 4.03762592307e-06 -0.789869433705 -0.237841856079
2441347.181 75.4922096913 3.27301766353e-06 43.8233084557 2.74574496653e-06 -0.749983659776 -0.206971135373
2441637.6505 75.4922225023 4.42078555065e-06 43.8233231427 2.33820964609e-06 -0.682532708171 -0.418765338634
2441697.20575 75.4922115299 5.01126468616e-06 43.8233102559 4.00214887663e-06 -0.857873279222 -0.299387616014
2441974.33475 75.4922311135 5.15020300475e-06 43.8233330889 7.74477502039e-06 -0.312313165679 -0.317611808752
2441976.52625 75.4922119256 8.47789609183e-06 43.8233288351 4.31582059849e-06 -0.344600903465 -0.328470275386
2441978.3525 75.4922035806 7.66064710046e-06 43.8233041715 3.23603816135e-06 -0.371129635593 -0.337177729995
2441979.44825 75.4922085767 5.45012859502e-06 43.82332321 2.32111131143e-06 -0.386863191792 -0.342212106
2441980.544 75.4922173695 2.65319565675e-06 43.8233204432 3.85522404816e-06 -0.402454827692 -0.347141615075
2442020.35625 75.4922368331 1.34069544423e-05 43.8233349551 7.65305836395e-06 -0.829399791768 -0.429685125534
2442059.9185 75.4922100371 5.6151177713e-06 43.8233231524 3.8321083307e-06 -0.868827808078 -0.312168597605
2442062.8405 75.4922351146 8.1808763936e-06 43.823341193 4.74696273462e-06 -0.854630123477 -0.296514260642
2442064.66675 75.4922073808 8.43296871931e-06 43.8233143094 3.42189336039e-06 -0.844588581706 -0.286304974091
2442078.9115 75.4922235806 5.94998838085e-06 43.8233187755 8.02719584203e-06 -0.73727115966 -0.197462534739
2442099.92225 75.4922241778 5.4603344448e-06 43.823320892 2.12021935356e-06 -0.497994851366 -0.0458347305013
2442323.26375 75.4922468188 1.10412994013e-05 43.8233542813 1.28858617941e-05 -0.0593002201734 -0.222647123887
2442327.46412 75.4922301414 3.9023680883e-06 43.8233400423 3.83691812573e-06 -0.125145329472 -0.248830853358
2442328.012 75.4922483755 5.91118230763e-06 43.8233414787 4.6227841524e-06 -0.13367476828 -0.252151293399
2442334.5865 75.4922419513 3.4069143586e-06 43.8233444696 5.89183280831e-06 -0.235141519103 -0.290177675764
2442352.1185 75.4922401281 9.08129873974e-06 43.8233428253 5.47883844435e-06 -0.487366819325 -0.372000824431
2442353.21425 75.4922186805 6.71273431837e-06 43.8233204261 3.60081705615e-06 -0.501881067209 -0.376057958119
2442368.1895 75.4922364017 6.2264920496e-06 43.8233214516 8.14419881401e-06 -0.67965192229 -0.417021585424
2442398.14 75.4922371504 7.78762196963e-06 43.8233405743 3.23081322197e-06 -0.88659883311 -0.412357589882
2442435.51075 75.4922362411 2.19382203763e-05 43.8233351262 3.52202416797e-06 -0.806361253419 -0.252304082946
2442454.69525 75.492222586 6.00117816221e-06 43.8233324283 1.84852041287e-06 -0.625891517143 -0.122606404045
2442455.42575 75.4922038762 4.40165210491e-06 43.823320604 5.87809654849e-06 -0.617450211455 -0.117280442684
2442462.3655 75.4922184596 7.33916810741e-06 43.8233263506 7.24379505496e-06 -0.532541908307 -0.0659603694903
2442463.46125 75.4922280491 1.41149340574e-05 43.8233166883 1.18765801542e-05 -0.518391465184 -0.0577420104508
2442467.479 75.4922172363 5.69448788302e-06 43.8233274448 5.35078935575e-06 -0.464894242638 -0.0274898099408
2442705.79575 75.4922331014 5.06501671214e-06 43.8233250608 4.38878813882e-06 -0.322110573689 -0.320465946475
2442716.75325 75.4922040807 7.84111350755e-06 43.8232992252 7.65335993913e-06 -0.476803019766 -0.368793324428
2442720.771 75.4922342854 8.61731725314e-06 43.8233235366 3.21374800914e-06 -0.529460451732 -0.383219970049
2442721.86675 75.492205247 3.64930428015e-06 43.823318235 3.00543717147e-06 -0.543408457534 -0.386835031447
2442722.59725 75.4922145423 7.20041101819e-06 43.8233278545 2.24408481465e-06 -0.552573551532 -0.389158980211
2442723.47385 75.4922180729 8.23958355375e-06 43.8233095308 1.86330459796e-06 -0.563457853928 -0.391884500895
2442734.6505 75.4922214513 5.7438288098e-06 43.8233296786 2.91742341376e-06 -0.689757750168 -0.418182949224
2442737.5725 75.4922039679 6.87069931557e-06 43.8233214538 2.50882620517e-06 -0.718622237907 -0.422466195187
2442778.59575 75.492224936 7.22523391216e-06 43.82333445 4.828788357e-06 -0.898303043269 -0.364941770264
