2413932.       9.0       1, Lick     
2414987.23     1.3       4           
2414987.       4.0       1, Adams    
2414995.10     1.6       4           
2414995.       4.0       1, Adams    
2414996.34     2.9       4           
2414996.       4.0       1, Adams    
2415007.70     4.1       2           
2415012.12     0.1       4           
2415016.72     5.6       2           
2415037.76     9.9       2           
2415287.98    -2.7       2           
2416447.      -0.1       1           
2416478.85    -4.1       2           
2416485.      -4.7       1           
2416490.      -4.1       1           
2416523.     -13.1       1           
2416524.     -11.8       1           
2416545.     -13.6       1           
2416562.      -8.5       1           
2416795.      -7.2       1           
2416824.     -11.3       1           
2416863.      -7.9       1           
2416865.      -5.0       1           
2416866.      -6.9       1           
2416867.      -5.6       1           
2416897.      -5.0       1           
2416927.     -11.3       1           
2416928.     -13.4       1           
2417290.     -12.0       1           
2417298.      -7.7       1           
2417304.     -11.8       1           
2417305.     -12.3       1           
2417306.     -11.0       1           
2417309.     -11.7       1           
2417485.      -7.0       1           
2417492.      -9.1       1           
2417494.     -10.1       1           
2417521.     -14.5       1           
2417523.     -13.4       1           
2417530.     -18.0       1           
2417546.     -13.2       1           
2417552.     -14.8       1           
2417567.      -8.7       1           
2417572.      -7.5       1           
2417629.      -8.1       1           
2417638.      -8.9       1           
2417642.      -8.7       1           
2417661.     -13.3       1           
2417664.     -16.2       1           
2417665.      -9.7       1           
2417666.     -10.9       1           
2417667.     -13.7       1           
2417668.     -12.6       1           
2417669.     -14.0       1           
2417860.03   -11.7       2           
2417955.     -16.2       1           
2417982.     -17.4       1           
2417986.     -17.2       1           
2417991.     -18.4       1           
2418026.     -15.5       1           
2418027.     -12.2       1           
2418028.     -14.5       1           
2418253.     -13.4       1           
2418255.     -12.6       1           
2418256.     -11.6       1           
2418261.     -11.9       1           
2418262.     -10.4       1           
2418285.     -19.9       1           
2418285.     -20.9       1           
2418292.     -17.2       1           
2418293.     -19.2       1           
2418322.     -11.8       1           
2418325.     -12.7       1           
2418326.      -9.7       1           
2418331.     -11.4       1           
2418345.      -8.0       1           
2418355.      -9.4       1           
2418385.      -6.3       1           
2418392.      -3.0       1           
2418404.      -5.2       1           
2418593.      -7.7       1           
2418595.      -8.6       1           
2418597.      -4.9       1           
2418598.      -7.3       1           
2418601.      -9.5       1           
2418605.      -8.0       1           
2418606.     -10.9       1           
2418615.     -13.6       1           
2418624.     -18.1       1           
2418644.     -13.6       1           
2418646.     -14.9       1           
2418649.     -11.3       1           
2418657.     -11.3       1           
2418662.     -10.9       1           
2418676.     -10.6       1           
2418684.     -10.7       1           
2418698.     -10.5       1           
2418718.      -7.9       1           
2418732.      -9.7       1           
2418735.      -5.4       1           
2418736.      -7.1       1           
2418737.      -7.0       1           
2418740.      -8.1       1           
2418745.      -6.2       1           
2418746.      -8.7       1           
2418751.      -9.7       1           
2418763.     -11.9       1           
2418764.     -10.2       1           
2418767.     -10.5       1           
2418962.     -15.6       1           
2418974.     -13.4       1           
2418984.     -11.6       1           
2418986.      -8.9       1           
2418988.      -8.0       1           
2418988.      -9.6       1           
2419018.      -7.8       1           
2419018.      -9.3       1           
2419019.      -9.6       1           
2419021.      -9.3       1           
2419027.     -11.3       1           
2419027.      -8.3       1           
2419034.     -14.8       1           
2419034.     -15.5       1           
2419045.     -14.7       1           
2419050.     -14.3       1           
2419060.     -16.3       1           
2419066.     -15.0       1           
2419066.     -15.5       1           
2419069.     -16.3       1           
2419069.     -17.3       1           
2419073.     -16.9       1           
2419097.     -16.9       1           
2419099.     -16.8       1           
2419106.     -15.7       1           
2419107.     -14.4       1           
2419116.     -12.8       1           
2419117.     -12.7       1           
2419130.     -10.6       1           
2419138.      -7.6       1           
2419142.      -7.5       1           
2419365.     -15.2       1           
2419365.     -15.3       1           
2419365.     -15.7       1           
2419365.     -16.2       1           
2419365.     -16.6       1           
2419365.     -16.6       1           
2419365.     -17.2       1           
2419410.     -10.8       1           
2419412.      -5.1       1           
2419412.      -6.0       1           
2419412.      -6.2       1           
2419412.      -6.5       1           
2419412.      -6.8       1           
2419412.      -8.7       1           
2419412.      -9.3       1           
2419413.      -6.5       1           
2419413.      -7.9       1           
2419414.      -6.3       1           
2419426.     -10.2       1           
2419429.      -7.1       1           
2419429.      -7.4       1           
2419437.      -9.6       1           
2419438.      -7.7       1           
2419453.     -14.6       1           
2419453.     -15.9       1           
2419453.     -16.1       1           
2419464.     -17.9       1           
2419466.     -20.0       1           
2419466.     -23.7       1           
2419470.     -20.8       1           
2419470.     -22.8       1           
2419757.      -8.2       1           
2419758.      -8.0       1           
2419759.      -6.1       1           
2419798.     -16.3       1           
2419813.     -17.7       1           
2419816.     -17.1       1           
2419818.     -19.0       1           
2419819.     -16.5       1           
2419824.     -17.6       1           
2419840.     -18.6       1           
2419849.     -14.0       1           
2419862.      -8.9       1           
2419873.      -5.1       1           
2419874.      -6.7       1           
2420410.94    -5.9       2           
2421268.70    -3.3       2           
2421269.04    -3.9       4           
2421269.06    -0.4       4           
2421281.03    -5.1       4           
2421288.04    -2.7       4           
2421288.08    -5.1       4           
2421302.05    -6.1       4           
2421302.11    -6.7       4           
2421309.04    -9.5       4           
2421309.09   -10.7       4           
2421309.17   -10.5       4           
2421309.19   -10.3       4           
2421309.22   -12.8       4           
2421309.24   -13.4       4           
2421325.05   -10.7       4           
2421351.07   -15.0       4           
2421358.07   -10.9       4           
2421458.43    -4.0       4           
2421460.40   -10.0       4           
2421496.42    -5.3       4           
2421500.30    -3.3       4           
2421535.29   -11.0       4           
2421566.21    -1.7       4           
2421577.17   -11.3       4           
2421608.08    -8.1       4           
2421633.74    -1.3       2           
2421647.01    -7.1       4           
2421685.04   -10.4       4           
2421706.07    -1.4       4           
2421899.49     0.4       4           
2421979.00    -1.1       4           
2422040.63     3.2       3           
2422049.05     0.3       4           
2422077.07     4.2       4           
2422326.26     9.4       4           
2422333.14     5.4       4           
2422364.09     3.3       4           
2422389.05    -0.3       4           
2422448.07     3.5       4           
2422459.09     3.1       4           
2422592.32     3.1       4           
2422606.38     4.3       4           
2422627.32     0.4       4           
2422641.19     5.5       4           
2422665.16     7.4       4           
2422683.32     8.9       4           
2422688.09    10.0       4           
2422718.00     5.8       4           
2422735.01     7.5       4           
2422777.07    -0.3       4           
2422798.13    -1.9       4           
2422826.09    -9.5       4           
2422914.40    13.0       4           
2422931.37     7.4       4           
2422931.40     6.5       4           
2422935.43    10.5       4           
2422938.37    12.3       4           
2422956.33     9.0       4           
2422959.31     7.1       4           
2422966.33     3.9       4           
2422970.44    -2.9       4           
2422977.45     2.4       4           
2422984.35     1.2       4           
2422994.29     7.6       4           
2422998.28    10.7       4           
2423005.24    14.4       4           
2423008.28     6.6       4           
2423029.32    13.1       4           
2423043.27    10.3       4           
2423050.15    10.9       4           
2423054.09     8.6       4           
2423056.99    10.4       4           
2423060.98    13.6       4           
2423063.97     8.4       4           
2423067.97    10.1       4           
2423071.00     9.2       4           
2423089.23     8.4       4           
2423106.02     6.1       4           
2423113.01     6.1       4           
2423152.04    10.5       4           
2423159.05    15.2       4           
2423173.07    13.3       4           
2423253.38    13.9       4           
2423274.37    19.9       4           
2423281.39    24.1       4           
2423302.42    27.8       4           
2423323.39    17.1       4           
2423330.24     8.6       4           
2423362.17     9.4       4           
2423379.17    15.2       4           
2423390.09    13.5       4           
2423407.39     7.4       4           
2423432.00    12.8       4           
2423434.97    15.3       4           
2423468.19     8.2       4           
2423480.11     3.0       4           
2423486.17     8.6       4           
2423502.04    11.0       4           
2423514.04    16.9       4           
2423528.06    12.7       4           
2423540.06     3.0       4           
2423626.40    24.2       4           
2423631.41    20.2       4           
2423646.42    15.5       4           
2423660.44    17.8       4           
2423674.39    20.4       4           
2423678.37    19.1       4           
2423699.34    27.2       4           
2423715.24    19.8       4           
2423730.26    26.8       4           
2423804.04    18.2       4           
2423839.19    17.0       4           
2423860.13    16.2       4           
2424009.41    11.6       4           
2424034.43    21.1       4           
2424046.34    25.3       4           
2424053.40    27.2       4           
2424075.30    11.0       4           
2424075.33    12.5       4           
2424085.30    12.5       4           
2424092.27    12.3       4           
2424109.42    10.1       4           
2424129.26     9.2       4           
2424156.83     9.7       4           
2424171.73     3.4       4           
2424232.56    21.5       4           
2424256.57    26.3       4           
2424266.57    24.4       4           
2424378.93    16.0       4           
2424393.89    17.9       4           
2424414.94    15.6       4           
2424421.82    23.1       4           
2424445.90    20.6       4           
2424468.68    12.9       4           
2424511.63    14.6       4           
2424516.65    12.5       4           
2424532.87    13.8       4           
2424578.54    21.5       4           
2424599.68    13.8       4           
2424623.55    12.4       4           
2424625.55    17.8       4           
2424635.57    15.7       4           
2424792.77     1.0       4           
2424814.75    11.8       4           
2424826.64    16.9       4           
2424827.97    22.2       4           
2424842.92    22.2       4           
2424895.79    18.3       4           
2424921.56    10.2       4           
2424935.51     9.8       4           
2424943.67     9.9       4           
2424948.52    10.2       4           
2424949.56     7.4       4           
2425111.89    12.7       4           
2425112.87    11.4       4           
2425116.89    17.4       4           
2425120.82    13.0       4           
2425137.85    13.7       4           
2425147.81    13.4       4           
2425164.79    11.1       4           
2425170.73     5.7       4           
2425174.78     3.6       4           
2425179.69     4.9       4           
2425180.77     3.1       4           
2425184.71     1.6       4           
2425188.68     2.2       4           
2425190.01    -3.3       3           
2426268.78    -5.8       4           
2426269.78    -5.7       4           
2426271.79    -5.4       4           
2426274.79    -7.5       4           
2426280.76    -9.0       4           
2426283.72   -10.5       4           
2426285.81    -8.7       4           
2426287.77   -10.8       4           
2426294.61   -13.6       4           
2426294.77    -5.7       4           
2426298.92   -17.8       4           
2426303.89   -18.6       4           
2426308.72   -18.9       4           
2426312.63   -14.1       4           
2426312.65   -14.9       4           
2426320.65   -13.8       4           
2426327.65   -10.0       4           
2426335.48   -10.6       4           
2426335.57    -9.4       4           
2426338.50   -10.8       4           
2426341.50   -22.4       4           
2426344.53    -7.2       4           
2426355.89    -6.9       4           
2426357.57    -5.6       4           
2426358.48    -5.2       4           
2426361.48    -4.9       4           
2426366.51    -5.9       4           
2426372.48    -2.4       4           
2426375.76     1.2       4           
2426377.49    -3.1       4           
2426381.49    -1.2       4           
2426386.50    -2.1       4           
2426393.62    -6.8       4           
2426394.51    -5.1       4           
2426399.51    -8.3       4           
2426403.60    -7.8       4           
2426411.52    -9.0       4           
2426423.53    -9.9       4           
2426431.62    -6.2       4           
2426433.54    -7.0       4           
2426436.54    -6.1       4           
2426439.54    -6.0       4           
2426442.58    -3.9       4           
2426445.59    -8.4       4           
2426450.58    -8.8       4           
2426456.56    -9.2       4           
2426459.56    -6.7       4           
2426464.56    -2.5       4           
2426475.57   -10.2       4           
2426478.58    -8.2       4           
2426479.58   -11.2       4           
2426487.59    -8.6       4           
2426493.59    -2.3       4           
2426522.90    -5.1       4           
2426539.88    -4.3       4           
2426540.90    -5.3       4           
2426553.91    -9.1       4           
2426557.91    -7.9       4           
2426559.92    -9.9       4           
2426565.92   -11.2       4           
2426567.92    -8.9       4           
2426568.87   -11.1       4           
2426573.87   -10.6       4           
2426590.87    -4.0       4           
2426593.82    -2.2       4           
2426593.84    -3.9       4           
2426613.96    -3.8       4           
2426618.95    -5.6       4           
2426632.77   -14.5       4           
2426636.79   -14.6       4           
2426646.73   -11.8       4           
2426649.81   -11.0       4           
2426661.75    -9.8       4, footnote 
2426663.79    -6.3       4           
2426677.98    -1.7       4, footnote 
2426691.89    -9.1       4, footnote 
2426725.48   -18.4       4, footnote 
2426744.54   -15.4       4, footnote 
2426755.54   -15.4       4, footnote 
2426759.68   -13.4       4, footnote 
2426767.68   -11.1       4, footnote 
2426772.67    -9.8       4, footnote 
2426779.56    -9.7       4, footnote 
2426806.65    -7.7       4, footnote 
2426820.58   -14.6       4, footnote 
2426829.57   -13.7       4, footnote 
2426842.57    -9.0       4, footnote 
2427022.      -7.67 1.80 5           
2427023.      -8.95 3.26 5           
2427409.     -18.02 2.90 5           
2427829.     -20.75 3.75 5           
2427876.     -24.20 4.33 5           
2428055.     -17.86 4.35 5           
2428450.     -18.21 3.93 5           
2428475.     -18.66 2.69 5           
2428501.     -13.77 2.79 5           
2428502.     -13.96 8.13 5           
2428797.     -18.40 2.83 5           
2428972.     -13.62 2.51 5           
2429914.      -7.17 2.36 5           
2431693.       2.69 3.48 5           
2432106.       6.41 3.89 5, DAO      
2432135.      -2.00 3.55 5, DAO      
2432139.       0.00 2.77 5, DAO      
2432140.      -1.67 2.70 5, DAO      
2432141.      -1.17 2.72 5, DAO      
2432201.      10.73 3.43 5, DAO      
2432202.       8.22 3.81 5, DAO      
2432203.      11.16 3.63 5, DAO      
2432234.       2.06 3.00 5, DAO      
2432241.       1.45 2.86 5, DAO      
2432242.       2.72 2.50 5, DAO      
2432243.       3.33 2.54 5, DAO      
2432252.       0.27 4.82 5, DAO      
2432606.      17.59 3.78 5, DAO      
2433549.      15.92 3.69 5           
2433550.      16.34 2.33 5           
2433728.      16.26 4.13 5           
2433877.       7.40 5.17 5           
2433943.       9.73 3.41 5           
2434323.       3.32 6.14 5           
2434356.      16.24 3.42 5           
2434357.      18.58 1.90 5           
2434403.       9.97 3.28 5           
2434404.       8.97 2.87 5           
2434407.      10.75 2.09 5           
2434465.       8.16 2.40 5           
2434608.      11.75 2.32 5           
2434670.       2.35 2.65 5           
2434707.      12.27 2.13 5           
2434816.      10.87 2.47 5           
2434817.      13.03 2.05 5           
2435002.      10.28 2.19 5           
2435006.      11.64 2.05 5           
2435064.       5.08 3.30 5           
2435065.       4.88 2.95 5           
2435066.       4.62 2.93 5           
2435083.       3.26 3.26 5           
2436182.     -16.16 2.45 5           
2436183.     -16.17 2.07 5           
2436184.     -15.40 2.07 5           
2436211.      -0.85 2.50 5           
2444568.796    8.7       7           
2444918.889   -6.2       7           
2446066.8    -20.3       11, KI      
2446094.7      1.6       11, KI      
2446129.6      3.6       11, KI      
2446336.0      3.6       11, KI      
2447847.8373 -11.76 0.97 12          
2447852.6979 -12.06 0.93 12          
2447864.8338 -16.70 0.84 12          
2447865.6583 -17.10 1.25 12          
2447866.7630 -17.48 1.21 12          
2447868.6809 -18.94 0.96 12          
2447869.8145 -18.89 0.68 12          
2447870.7475 -18.31 0.71 12          
2447870.7590 -18.22 0.99 12          
2447872.5989 -19.36 0.70 12          
2447874.6706 -18.48 1.31 12          
2447875.6546 -19.50 0.56 12          
2447879.7311 -17.91 0.68 12          
2447880.5574 -18.74 1.18 12          
2447883.7517 -18.13 0.40 12          
2447893.7044 -12.97 0.41 12          
2447894.7339 -12.52 0.36 12          
2447895.6755 -12.59 0.31 12          
2447897.5485  -9.58 0.44 12          
2447899.6954 -11.73 0.34 12          
2447901.5654  -9.81 0.41 12          
2447903.7118 -10.05 0.41 12          
2447904.6982 -10.12 0.43 12          
2447905.6035 -10.23 0.50 12          
2447906.6979  -9.80 0.40 12          
2447908.6990  -9.24 0.71 12          
2447910.5501  -8.92 0.77 12          
2447923.5629 -11.96 0.87 12          
2447928.5596 -13.40 1.23 12          
2447930.5880 -14.58 0.68 12          
2447931.6231 -14.52 0.92 12          
2447934.5364 -14.86 1.60 12          
2447935.5141 -15.36 1.47 12          
2447942.6611 -16.88 0.47 12          
2447952.5416 -16.07 1.05 12          
2447955.5404 -17.50 0.39 12          
2447957.4762 -17.22 0.40 12          
2447958.5634 -17.97 0.48 12          
2447959.5122 -17.56 0.46 12          
2447961.5301 -16.90 0.50 12          
2447964.4891 -16.64 0.43 12          
2447965.5292 -16.34 0.57 12          
2447989.5093 -18.00 0.34 12          
2447994.5523 -17.59 0.48 12          
2447995.5528 -17.89 0.00 12          
2447996.5057 -18.03 0.33 12          
2447998.5048 -18.48 0.20 12          
2448000.5274 -18.77 0.37 12          
2448001.5533 -18.71 0.38 12          
2448133.8760 -18.75 0.65 12          
2448135.8928 -16.97 0.60 12          
2448140.8918 -16.38 0.47 12          
2448142.8695 -16.42 0.56 12          
2448143.8403 -15.78 0.57 12          
2448145.8117 -15.10 0.69 12          
2448147.9142 -14.69 0.64 12          
2448159.8620 -14.11 0.71 12          
2448160.7856 -12.61 0.92 12          
2448162.7685 -14.76 0.82 12          
2448163.8722 -14.31 0.78 12          
2448165.8525 -14.77 1.10 12          
2448168.6863 -13.62 0.71 12          
2448169.7695 -14.05 1.22 12          
2448170.8186 -14.12 0.95 12          
2448191.7639 -15.41 0.87 12          
2448192.6844 -14.91 1.06 12          
2448193.7634 -15.31 0.72 12          
2448195.8893 -15.85 0.68 12          
2448196.7318 -16.12 0.63 12          
2448197.6394 -15.59 0.69 12          
2448197.9009 -15.88 0.51 12          
2448198.6368 -15.37 0.83 12          
2448199.7111 -15.92 0.79 12          
2448200.6797 -15.64 0.57 12          
2448202.9445 -14.42 0.85 12          
2448204.8132 -15.19 0.64 12          
2448206.7510 -14.63 0.65 12          
2448207.6746 -14.67 0.65 12          
2448217.8225 -13.42 0.70 12          
2448220.7285 -14.00 1.01 12          
2448221.7060 -13.98 1.02 12          
2448222.8461 -14.14 1.08 12          
2448225.7201 -15.17 1.13 12          
2448226.6856 -15.82 0.93 12          
2448227.6878 -15.83 1.10 12          
2448228.8343 -15.59 0.78 12          
2448230.7241 -16.68 0.91 12          
2448231.7454 -15.72 0.92 12          
2448232.7368 -16.94 0.78 12          
2448234.6902 -12.91 2.04 12          
2448252.7295 -16.35 0.59 12          
2448257.6388 -15.65 0.35 12          
2448259.6659 -14.52 0.65 12          
2448260.6919 -15.15 0.35 12          
2448263.6840 -13.71 0.49 12          
2448267.6469 -12.18 0.42 12          
2448281.6461  -7.66 0.71 12          
2448283.6718  -7.09 0.89 12          
2448284.6508  -6.65 0.88 12          
2448285.4600  -6.17 0.82 12          
2448286.6980  -6.38 0.71 12          
2448288.5967  -6.69 0.84 12          
2448289.6435  -6.39 1.11 12          
2448290.6217  -6.07 1.11 12          
2448291.6948  -6.28 0.88 12          
2448305.6530 -12.31 0.92 12          
2448310.6196 -15.05 0.78 12          
2448311.5860 -15.23 1.13 12          
2448315.5606 -16.17 0.71 12          
2448316.5258 -16.75 0.77 12          
2448323.4806 -16.78 0.40 12          
2448324.5846 -16.32 0.89 12          
2448327.6115 -17.53 0.51 12          
2448351.5322 -11.50 0.72 12          
2448354.4968 -10.18 0.71 12          
2448355.5094 -10.00 0.82 12          
2448366.5135 -10.32 0.61 12          
2448370.5096  -9.01 0.91 12          
2448372.5073  -9.66 0.60 12          
2448379.5235 -10.84 0.51 12          
2448517.7589 -14.23 0.66 12          
2448544.8986 -13.56 0.84 12          
2448548.9303 -10.47 1.44 12          
2448550.6909 -11.97 0.86 12          
2448552.9265 -13.19 1.26 12          
2448558.8964 -13.14 0.74 12          
2448578.9074 -10.09 0.39 12          
2448580.8130 -10.61 0.43 12          
2448586.6830 -10.52 0.78 12          
2448587.7926 -10.83 0.37 12          
2448588.7296 -10.58 0.43 12          
2448589.6432 -10.49 0.45 12          
2448601.8134 -10.50 0.78 12          
2448606.7835 -10.29 0.65 12          
2448609.6616 -10.39 0.59 12          
2448611.5304 -10.37 0.62 12          
2448613.7652 -11.50 0.52 12          
2448616.7940 -12.93 0.64 12          
2448617.5770 -12.38 0.98 12          
2448619.6826 -12.65 0.54 12          
2448621.7587 -12.27 0.61 12          
2448632.6193 -14.23 0.43 12          
2448634.6045 -15.13 0.71 12          
2448637.6373 -15.94 0.46 12          
2448639.7113 -15.98 0.51 12          
2448641.6945 -15.70 0.51 12          
2448643.7446 -14.90 0.57 12          
2448651.6812 -11.69 0.87 12          
2448662.6380 -10.98 0.44 12          
2448673.5977 -10.10 0.43 12          
2448676.5107  -9.64 0.46 12          
2448694.5548  -5.08 0.92 12          
2448696.5652  -5.01 0.66 12          
2448698.5643  -4.55 0.72 12          
2448700.4774  -3.70 0.94 12          
2448703.6115  -4.54 0.69 12          
2448711.5447  -4.03 1.00 12          
2448721.4966  -6.94 1.11 12          
2448727.5237 -11.10 1.22 12          
2448736.5190 -15.96 1.02 12          
2448740.5144 -18.75 0.85 12          
2448840.8701  -9.36 1.10 12          
2448845.8626 -10.19 1.07 12          
2448857.8289 -15.62 0.71 12          
2448867.8892 -14.15 0.43 12          
2448877.8808 -11.79 0.46 12          
2448882.8562  -9.09 0.41 12          
2448903.7163  -6.83 0.53 12          
2448909.7007  -6.35 1.23 12          
2448913.9397  -5.98 0.98 12          
2448928.8729  -6.36 1.06 12          
2448936.9215 -10.22 0.92 12          
2448946.8956 -14.85 0.92 12          
2448957.7098 -15.59 0.74 12          
2448964.7312 -15.66 0.70 12          
2448972.7217 -14.45 0.61 12          
2448975.7798 -14.51 0.94 12          
2448989.8309 -10.29 0.34 12          
2449004.7314  -5.11 0.68 12          
2449015.6161  -4.73 0.70 12          
2449017.6538  -4.11 0.94 12          
2449024.5879  -5.53 1.01 12          
2449027.6752  -4.90 1.11 12          
2449029.5380  -5.40 1.24 12          
2449034.5776  -8.91 1.43 12          
2449046.4772 -14.20 1.05 12          
2449048.6565 -15.29 0.94 12          
2449050.5112 -15.50 0.98 12          
2449054.6292 -15.99 0.82 12          
2449059.5459 -15.82 0.93 12          
2449065.6118 -15.78 0.52 12          
2449082.5708 -12.29 0.49 12          
2449085.4956 -11.38 0.38 12          
2449222.8823 -13.05 0.48 12          
2449231.8581 -12.75 0.49 12          
2449236.8792 -10.58 0.72 12          
2449259.7791 -11.56 0.85 12          
2449264.7621 -12.26 0.45 12          
2449271.9048 -10.31 0.56 12          
2449285.8652  -8.78 0.42 12          
2449289.9270  -7.75 0.58 12          
2449296.9200  -7.68 0.68 12          
2449312.8559  -4.50 0.75 12          
2449318.7105  -3.55 0.87 12          
2449322.8275  -4.79 0.93 12          
2449325.7279  -5.89 0.82 12          
2449330.8861  -9.40 0.90 12          
2449344.7686 -15.48 0.83 12          
2449349.8212 -18.66 0.95 12          
2449352.7337 -17.26 0.71 12          
2449355.5608 -15.69 0.98 12          
2449361.7318 -16.67 0.60 12          
2449371.6887 -15.14 0.49 12          
2449373.7044 -14.85 0.50 12          
2449375.6541 -14.49 0.48 12          
2449377.6784 -13.83 0.62 12          
2449379.6454 -13.44 0.53 12          
2449382.7344 -12.85 0.57 12          
2449386.6506 -12.31 0.69 12          
2449400.5752 -13.66 0.57 12          
2449402.6361 -13.00 0.54 12          
2449403.6236 -13.56 0.56 12          
2449406.6808 -13.65 0.97 12          
2449408.6897 -14.44 1.31 12          
2449412.6468 -14.52 0.54 12          
2449416.6143 -14.82 0.41 12          
2449437.5312 -15.20 0.41 12          
2449442.5833 -13.99 0.57 12          
2449445.5648 -13.51 0.65 12          
2449447.5523 -11.48 1.15 12          
2449460.5046  -6.08 0.77 12          
2449463.5533  -5.74 0.67 12          
2449467.5167  -4.49 0.82 12          
2449471.5272  -4.43 0.97 12          
2449474.5201  -4.03 0.89 12          
2449580.8840  -9.15 1.28 12          
2449585.8571  -8.35 0.78 12          
2449590.8402  -8.32 0.62 12          
2449615.8214 -10.89 0.73 12          
2449625.7472  -9.24 0.67 12          
2449642.6804  -8.58 1.55 12          
2449647.8048 -10.75 0.73 12          
2449649.8449  -7.92 1.79 12          
2449651.8966  -9.55 0.88 12          
2449653.9019 -10.26 0.75 12          
2449655.7013  -8.62 1.03 12          
2449673.7373 -11.75 ---- 13
2449673.7410 -11.23 ---- 13
2449675.1231 -11.77 ---- 13
2449743.7186  -5.79 ---- 13
2449744.7319  -5.59 ---- 13
2449744.7364  -6.27 ---- 13
2449745.7307  -5.37 ---- 13
2449749.9192  -4.69 ---- 13
2449760.5951  -7.14 1.10 12          
2449762.6324  -6.72 1.12 12          
2449766.6659  -7.34 1.34 12          
2449768.6196  -5.70 1.73 12          
2449771.5921  -8.82 0.98 12          
2449773.6095  -9.02 0.87 12          
2449786.6080 -10.41 0.92 12          
2449793.5971  -8.74 0.87 12          
2449795.5942  -8.39 1.70 12          
2449798.8121  -7.97 ---- 13
2449798.8350 -13.34 ---- 13
2449812.5474  -9.96 0.73 12          
2449819.5214  -9.55 0.53 12          
2449823.5455  -8.28 0.62 12          
2449825.5399  -8.10 0.51 12          
2449828.5189  -7.15 0.52 12          
2449831.5229  -6.54 0.63 12          
2449929.0121 -23.85 ---- 13
2449929.0130 -23.81 ---- 13
2449929.0138 -23.99 ---- 13
2449979.0025   3.04 ---- 13
2449979.0040   2.80 ---- 13
2449979.0059   3.10 ---- 13
2449984.0479   5.11 ---- 13
2450020.8378  18.22 0.74 12          
2450028.8599 -16.18 0.68 12          
2450034.8730 -12.34 0.96 12          
2450041.0214  -7.40 ---- 13
2450052.7867  -6.25 1.17 12          
2450058.8335  -6.50 1.15 12          
2450059.8502  -7.23 1.16 12          
2450078.6985  -9.12 1.61 12          
2450081.8262 -10.01 1.38 12          
2450089.7721 -13.27 0.71 12          
2450094.6869 -14.06 0.52 12          
2450108.7095 -13.91 0.90 12          
2450111.7269 -11.57 0.45 12          
2450117.7003  -9.79 0.56 12          
2450119.5746  -8.24 0.49 12          
2450121.5710  -7.47 0.82 12          
2450123.6889  -8.37 0.74 12          
2450126.6719  -8.12 0.62 12          
2450137.7479 -10.59 ---- 13
2450137.7499 -11.21 ---- 13
2450137.7523 -11.98 ---- 13
2450140.6442  -9.76 0.67 12          
2450143.6522 -10.85 0.84 12          
2450146.6484 -11.54 0.93 12          
2450151.6234 -13.50 0.90 12          
2450153.6675 -14.16 0.92 12          
2450155.6218 -15.28 0.79 12          
2450157.5997 -14.56 0.56 12          
2450174.5831 -11.76 0.56 12          
2450177.5087 -11.92 0.47 12          
2450179.5143 -12.52 0.54 12          
2450194.7176 -11.32 ---- 13
2450194.7199 -11.42 ---- 13
2450353.8411  -8.07 0.55 12          
2450356.8607  -8.56 1.03 12          
2450358.8371 -10.12 1.05 12          
2450382.7684  -6.56 0.62 12          
2450388.7326  -1.83 1.16 12          
2450405.9246  -2.42 0.82 12          
2450408.8265  -5.34 1.15 12          
2450410.8174  -5.07 0.90 12          
2450415.8142  -9.18 1.33 12          
2450439.7695 -10.75 0.56 12          
2450445.8218  -6.32 0.61 12          
2450456.6534  -2.08 0.85 12          
2450459.7596  -2.79 0.92 12          
2450462.4853  -0.96 0.99 12          
2450464.6523   0.36 1.38 12          
2450466.7061  -0.78 1.05 12          
2450474.7029  -0.47 1.05 12          
2450478.6110  -0.26 1.59 12          
2450481.7047  -1.27 1.20 12          
2450483.6646  -2.13 1.23 12          
2450485.6297  -1.88 1.14 12          
2450492.5881  -5.27 1.30 12          
2450498.6405  -8.95 1.50 12          
2450503.5980 -10.92 1.43 12          
2450505.5410 -11.85 1.17 12          
2450516.6204 -13.37 1.00 12          
2450518.7611 -14.63 ---- 13
2450523.6144 -13.03 0.78 12          
2450526.5791 -12.19 0.88 12          
2450535.5465  -9.60 0.53 12          
2450536.5573  -9.68 1.49 12          
2450538.5273  -9.17 0.61 12          
2450540.5056  -8.32 0.58 12          
2450542.5538  -7.86 0.76 12          
2450550.5298  -5.11 0.70 12          
2450553.5503  -4.94 0.74 12          
2450555.5279  -2.67 0.83 12          
2450565.5362  -3.36 1.30 12          
2450568.5205  -4.25 1.28 12          
2450571.5264  -4.96 1.42 12          
2450573.5224  -6.07 1.38 12          
2450684.9662    .18 ---- 13
2450684.9685   -.02 ---- 13
2450716.0771   6.96 ---- 13
2450724.8676   2.61 1.44 12          
2450732.8350  -0.49 1.21 12          
2450734.9234  -3.24 1.34 12          
2450745.7585  -6.91 1.07 12          
2450752.8769  -3.29 0.63 12          
2450755.8651  -3.57 0.80 12          
2450764.7626  -2.54 0.76 12          
2450767.9625  -7.27 ---- 13
2450767.9640  -7.58 ---- 13
2450773.8056  -3.85 0.94 12          
2450778.8856  -4.44 0.96 12          
2450785.8202  -5.65 0.97 12          
2450792.6261  -6.07 0.77 12          
2450795.7748  -7.80 0.77 12          
2450799.7918  -6.74 0.73 12          
2450811.7369  -8.54 0.52 12          
2450817.7211  -6.32 0.42 12          
2450825.7579  -5.99 1.06 12          
2450834.7233  -5.68 0.58 12          
2450836.6972  -3.90 0.54 12          
2450841.6033  -3.91 0.85 12          
2450843.6329  -2.43 1.13 12          
2450847.6103  -3.15 0.69 12          
2450851.6130  -3.18 0.49 12          
2450853.7205  -2.76 0.69 12          
2450858.6411  -2.17 0.68 12          
2450867.8542  -3.16 ---- 13
2450872.6535  -1.73 0.59 12          
2450878.5162  -0.89 0.70 12          
2450884.6143   1.74 1.10 12          
2450889.6201   2.15 0.67 12          
2450896.5203   4.29 0.75 12          
2450898.5330   3.21 0.67 12          
2450901.5728   3.75 0.67 12          
2450904.5595   3.32 0.71 12          
2450907.5579   5.73 0.68 12          
2450910.5509   3.75 0.60 12          
2450915.4992   2.87 0.50 12          
2450919.5349   3.99 0.57 12          
2450924.5385   2.48 0.57 12          
2450926.5459   1.69 0.53 12          
2450929.5172   2.13 0.53 12          
2450929.7000   -.95 ---- 13
2450954.7012  -5.49 ---- 13
2451016.0017   -.05 ---- 13
2451020.9941   2.00 ---- 13
2451037.9806   8.86 ---- 13
2451053.8848   3.41 1.54 12          
2451062.8383  -2.57 1.30 12          
2451069.8580  -3.79 0.87 12          
2451077.8210  -4.19 0.67 12          
2451085.8458  -3.37 0.82 12          
2451086.0478  -2.39 ---- 13
2451090.8256  -1.88 0.63 12          
2451110.8229  -2.54 0.58 12          
2451118.9490  -3.90 0.49 12          
2451126.7392  -6.21 0.61 12          
2451131.8654  -5.74 0.61 12          
2451150.7007  -3.24 0.55 12          
2451158.6458  -2.85 0.74 12          
2451163.7981  -1.84 0.71 12          
2451166.7071  -1.95 0.86 12          
2451190.7113   1.15 1.14 12          
2451196.6767   0.24 1.30 12          
2451204.6461  -3.73 1.18 12          
2451213.7127  -3.23 0.79 12          
2451215.7002  -4.02 0.67 12          
2451219.6700  -1.35 0.62 12          
2451226.6908  -4.60 0.65 12          
2451234.6187  -2.39 0.89 12          
2451246.6173  -6.99 1.21 12          
2451261.5424  -2.78 0.53 12          
2451264.5488  -2.57 0.65 12          
2451267.5545  -1.97 0.51 12          
2451273.5603   0.61 0.77 12          
2451276.5410   2.63 0.97 12          
2451281.5349   1.43 0.81 12          
2451390.9882   2.92 ---- 13
2451391.9526   3.43 ---- 13
2451392.9817   4.09 ---- 13
2451393.9984   4.29 ---- 13
2451394.0072   3.97 ---- 13
2451394.9824   4.28 ---- 13
2451436.9976  -2.54 ---- 13
2451452.0846   3.88 ---- 13
2451461.0893   3.76 ---- 13
2451480.8566  -1.15 0.93 12          
2451504.0858  -1.86 ---- 13
2451525.7456   6.68 1.78 12          
2451535.7735  10.74 0.62 12          
2451552.6903  11.81 1.90 12          
2451555.6394   9.76 1.86 12          
2451562.6230   2.00 2.22 12          
2451566.7314  -2.21 1.56 12          
2451568.6803  -5.54 1.88 12          
2451575.6569  -6.91 1.69 12          
2451580.6277  -8.02 0.97 12          
2451595.5403  -5.07 0.68 12          
2451599.7628  -2.93 ---- 13
2451602.7679  -1.14 ---- 13
2451602.7695  -1.47 ---- 13
2451607.5988  -1.74 0.88 12          
2451610.5543  -0.44 0.82 12          
2451617.5498  -0.48 0.83 12          
2451630.5594   0.81 0.67 12          
2451632.5570  -0.29 0.67 12          
2451640.4996   2.69 0.65 12          
2451644.5034   4.54 0.80 12          
2451687.7208   1.48 ---- 13
2451815.7412   4.60 0.66 12          
2451818.8386   5.61 ---- 13
2451818.8417   5.60 ---- 13
2451819.0306   5.14 ---- 13
2451819.0322   5.38 ---- 13
2451819.0338   5.37 ---- 13
2451819.0353   5.30 ---- 13
2451820.9164   6.25 ---- 13
2451820.9203   6.43 ---- 13
2451820.9247   6.32 ---- 13
2451820.9293   6.13 ---- 13
2451858.0883  -1.48 ---- 13
2451871.8327   1.18 0.67 12          
2451891.7635   8.66 1.13 12          
2451902.7289   3.57 1.41 12          
2451911.6927   1.03 1.52 12          
2451914.7172  -2.34 1.19 12          
2451922.7509   0.09 0.59 12          
2451932.6377  -4.35 0.69 12          
2451936.6317  -3.96 0.69 12          
2451952.6389   3.58 ---- 13
2451964.6590  -1.62 0.73 12          
2451994.5750   1.63 0.58 12          
2452002.5550  -0.13 0.70 12          
2452025.5193   1.56 0.78 12          
2452159.8154   8.42 1.16 12          
2452176.0536  11.72 ---- 13
2452177.0092  11.41 ---- 13
2452188.9837  -4.68 ---- 13
2452192.7909  -1.83 0.83 12          
2452212.7383   0.75 1.12 12          
2452220.7551   4.07 0.84 12          
2452239.7269  10.47 ---- 13
2452278.7493  -3.13 1.02 12          
2452288.0155   1.37 ---- 13
2452295.7290   2.24 1.20 12          
2452301.5958   4.95 1.15 12          
2452303.7125   4.80 1.36 12          
2452309.6467   4.44 1.48 12          
2452320.7221   1.21 ---- 13
2452341.5553   3.27 0.72 12          
2452357.5786   6.46 0.46 12          
2452364.5374   8.86 0.70 12          
2452380.5132   9.51 1.09 12          
2452392.6592   3.13 ---- 13
2452494.9912   3.78 ---- 13
2452494.9937   3.71 ---- 13
2452532.0349   7.74 ---- 13
2452538.8321   7.23 0.43 12          
2452545.9993   7.27 ---- 13
2452546.0018   6.99 ---- 13
2452564.9210  11.50 0.42 12          
2452568.9409  10.46 0.60 12          
2452575.7599  13.66 0.40 12          
2452618.7900  12.69 1.29 12          
2452635.7360   5.27 0.75 12          
2452652.7508   0.53 1.03 12          
2452656.5381   0.97 0.75 12          
2452659.6861   1.07 0.59 12          
2452664.6417   2.11 0.58 12          
2452668.6324   2.54 0.80 12          
2452685.6653   2.09 0.46 12          
2452703.5958   6.62 0.95 12          
2452706.8039   6.50 ---- 13
2452707.5700   8.87 1.22 12          
2452711.5469   9.01 1.22 12          
2452713.6097  10.54 1.24 12          
2452727.5611  11.57 1.06 12          
2452745.5165   9.01 0.84 12          
2452748.5171   9.01 0.83 12          
2452755.5162   7.08 1.21 12          
2452755.7205   3.94 ---- 13
2452770.7500   3.67 ---- 13
2452917.0027   8.69 ---- 13
2452920.7713   7.38 0.82 12          
2452951.7480   4.19 0.91 12          
2453003.7728   9.14 0.93 12          
2453046.6427  10.31 0.51 12          
2453059.6137  13.17 0.46 12          
2453065.6304  15.91 0.70 12          
2453068.6112  15.58 0.61 12          
2453079.7960  19.43 ---- 13
2453087.5370  16.99 1.06 12          
2453093.5788  11.92 1.09 12          
2453101.5459   6.65 1.00 12          
2453107.5091   5.77 0.95 12          
2453107.7354   1.79 ---- 13
2453227.0329   7.22 ---- 13
2453229.0193   5.65 ---- 13
2453238.9849   9.70 ---- 13
2453259.9678  13.57 ---- 13
2453353.7701  17.11 0.71 12          
2453361.7728  13.03 0.63 12          
2453386.7342  15.65 0.64 12          
2453406.9620  22.07 ---- 13
2453410.6014  20.95 1.23 12          
2453414.6922  18.62 1.65 12          
2453432.6286   6.16 1.09 12          
2453456.5696  10.87 0.73 12          
2453462.5046  13.66 0.80 12          
2453469.5121  13.93 0.73 12          
2453469.7312  15.97 ---- 13
2453471.5203  12.05 1.07 12          
2453592.0224  13.85 ---- 13
2453625.9513   7.12 ---- 13
2453627.0374   6.65 ---- 13
2453627.9908   7.12 ---- 13
2453637.0646   8.33 ---- 13
2453681.1007  16.92 ---- 13
2453813.8277  14.63 ---- 13
2454003.0730  14.02 ---- 13
2454020.0001  14.93 0.66 12          
2454049.4467  14.90 ---- 14
2454049.4561  14.53 ---- 14
2454075.9030  16.75 1.11 12          
2454080.8670  15.52 1.04 12          
2454084.3109  16.52 ---- 14
2454084.3250  16.27 ---- 14
2454105.8777   8.97 0.92 12          
2454118.3119   3.46 ---- 14
2454122.5357   3.56 ---- 14
2454135.7601   4.62 0.53 12          
2454153.2504  10.45 ---- 14
2454153.2605  10.06 ---- 14
2454154.3418   9.95 ---- 14
2454154.3459  10.21 ---- 14
2454154.3505  10.11 ---- 14
2454154.3842  10.37 ---- 14
2454162.3633  11.39 ---- 14
2454162.3671  12.45 ---- 14
2454162.3716  11.92 ---- 14
2454162.3754  11.36 ---- 14
2454162.3795  11.94 ---- 14
2454162.4559  11.61 ---- 14
2454162.4603  11.49 ---- 14
2454162.4655  11.49 ---- 14
2454162.4707  11.35 ---- 14
2454162.4821  11.29 ---- 14
2454164.3758  11.23 ---- 14
2454164.3802  11.06 ---- 14
2454164.3846  10.88 ---- 14
2454164.3896  10.86 ---- 14
2454164.3960  11.29 ---- 14
2454164.4005  10.82 ---- 14
2454164.4055  11.78 ---- 14
2454164.5178  11.05 ---- 14
2454165.4165  11.14 ---- 14
2454165.4213  11.05 ---- 14
2454165.4261  11.58 ---- 14
2454169.8368  11.23 ---- 13
2454175.2850  13.39 ---- 14
2454175.2899  12.99 ---- 14
2454187.4452  16.68 ---- 14
2454193.3351  18.25 ---- 14
2454195.3155  18.84 ---- 14
2454195.6230  13.83 0.94 12          
2454203.2868  14.44 ---- 14
2454203.2915  13.93 ---- 14
2454217.2987   6.84 ---- 14
2454217.3031   6.53 ---- 14
2454296.5912  11.70 ---- 14
2454296.5944  11.89 ---- 14
2454297.5998  11.22 ---- 14
2454357.5424   8.13 ---- 14
2454357.5472   8.40 ---- 14
2454365.5632  11.84 ---- 14
2454388.5423  18.99 ---- 14
2454388.5451  18.91 ---- 14
2454388.5488  19.65 ---- 14
2454388.5515  20.07 ---- 14
2454388.6065  19.13 ---- 14
2454388.6096  19.92 ---- 14
2454390.3792  19.94 ---- 14
2454390.3823  19.45 ---- 14
2454390.3866  18.93 ---- 14
2454390.5114  18.99 ---- 14
2454390.5153  19.20 ---- 14
2454390.6330  19.34 ---- 14
2454390.6359  19.01 ---- 14
2454390.6387  20.02 ---- 14
2454390.6695  19.35 ---- 14
2454492.8557   7.97 ---- 13
2454518.8169  14.21 ---- 13
2454533.2643  11.07 ---- 14
2454537.3355   7.31 ---- 14
2454578.5927   9.11 0.43 12          
2454595.3178  15.39 ---- 14
2454595.3229  15.46 ---- 14
2454595.3274  14.77 ---- 14
2454595.3319  15.54 ---- 14
2454595.3367  15.17 ---- 14
2454595.3417  15.79 ---- 14
2454595.3488  15.27 ---- 14
2454595.3571  16.09 ---- 14
2454708.5018   5.12 ---- 14
2454708.5155   4.22 ---- 14
2454709.5024   4.03 ---- 14
2454719.0068   7.17 0.70 12          
2454719.6148   5.62 ---- 14
2454719.6182   5.21 ---- 14
2454721.0177   7.18 0.76 12          
2454722.0202   6.87 0.64 12          
2454723.0247   8.12 0.63 12          
2454724.0289   6.87 0.73 12          
2454726.0160   6.57 0.63 12          
2454728.0206   6.36 0.64 12          
2454746.0314   5.24 0.57 12          
2454752.3491   3.14 ---- 14
2454752.3545   3.28 ---- 14
2454763.4962   3.52 ---- 14
2454771.3192   3.86 ---- 14
2454772.3232   3.85 ---- 14
2454772.3327   4.52 ---- 14
2454776.2965   5.88 ---- 14
2454806.8875  14.35 1.14 12          
2454807.8476  14.05 1.24 12          
2454809.8347  13.72 1.48 12          
2454810.8426  12.77 1.04 12          
2454811.8698  12.66 1.23 12          
2454838.6833   8.59 1.08 12          
2454840.3735   7.86 ---- 14
2454840.3828   7.57 ---- 14
2454844.7916   7.20 1.02 12          
2454847.7449   5.81 1.08 12          
2454850.7740   4.47 1.01 12          
2454857.4286  -2.56 ---- 14
2454861.3826  -3.21 ---- 14
2454868.7009   0.49 0.97 12          
2454869.6807   0.74 0.75 12          
2454870.6963   0.99 0.83 12          
2454872.2683  -1.63 ---- 14
2454873.6494   1.64 0.71 12          
2454874.7067   1.52 0.70 12          
2454875.6092   1.91 0.60 12          
2454878.7113   2.80 0.53 12          
