    0.391999529623143555E-94   -0.515265808105468750E+02    0.967707061249100242E+01    0.297549298168317833E+02
    0.414083545212341816E-94   -0.516381950378417969E+02    0.153055872991461950E+02    0.855676092538143074E+01
    0.426315237338972024E-94   -0.516984176635742188E+02    0.155313270280548590E+02    0.693322052674994715E+01
    0.429074720521326598E-94   -0.517133216857910156E+02    0.215275478228335118E+02    0.149642166527171128E+02
    0.432017659402238887E-94   -0.517289924621582031E+02    0.214902132171830438E+02    0.275883242666140660E+02
    0.481183300787098989E-94   -0.519465560913085938E+02    0.701367961670828510E+01    0.960004762451724680E+01
    0.481736778477683867E-94   -0.519508552551269531E+02    0.149535038791728088E+02    0.358901507676963005E+01
    0.505209052908613514E-94   -0.520480041503906250E+02    0.252761553246396637E+02    0.158705611118875325E+02
    0.535847553443921166E-94   -0.521677589416503906E+02    0.155306941111770449E+02    0.716153686401326262E+01
    0.540055111577365993E-94   -0.521854019165039063E+02    0.158846950071352868E+02    0.872339221001470655E+00
    0.550434458097802065E-94   -0.522254753112792969E+02    0.287273836480950955E+02    0.227166282355484164E+02
    0.595369002566209949E-94   -0.523844223022460938E+02    0.120620268679491751E+02    0.218287881686459215E+02
    0.670863441936311069E-94   -0.526251907348632813E+02    0.143064175279432213E+02    0.217524861067016317E+02
    0.708545591023816410E-94   -0.527364883422851563E+02    0.159085997907511913E+02    0.139863563314239769E+02
    0.804622300231012733E-94   -0.529928054809570313E+02    0.222639634629865419E+02    0.168602521102044243E+02
    0.964348062606940892E-94   -0.533569641113281250E+02    0.161847219501760300E+02    0.226059145953094749E+02
    0.101587072184487295E-93   -0.534630622863769531E+02    0.284201118665920376E+02    0.256195520540918054E+02
    0.109126325317811977E-93   -0.536082420349121094E+02    0.118416013937719793E+02    0.218420756780097349E+02
    0.113603512562008385E-93   -0.536906585693359375E+02    0.167823583933898881E+02    0.154373164012777604E+02
    0.126489657693941181E-93   -0.539075508117675781E+02    0.155716614350019498E+02    0.185799322080688469E+02
    0.136662506360340877E-93   -0.540642585754394531E+02    0.302006916127960139E+02    0.958660424492928165E+01
    0.141236617861619919E-93   -0.541321029663085938E+02    0.839840250100313490E+01    0.280051768045954788E+02
    0.142485250538634657E-93   -0.541517066955566406E+02    0.281141152815203128E+02    0.176357550489003323E+02
    0.148482512162118309E-93   -0.542361640930175781E+02    0.154966383145592754E+02    0.809354254476227730E+01
    0.149631009565228549E-93   -0.542535743713378906E+02    0.292159372614127371E+02    0.971238903417673427E+01
    0.151595263282988927E-93   -0.542816581726074219E+02    0.794384272287810056E+01    0.221835661666878714E+02
    0.153060372906974818E-93   -0.543028945922851563E+02    0.190272022068881697E+02    0.955468920578561409E+01
    0.865748249856883556E-92   -0.625755882263183594E+02    0.157295367453137480E+02    0.239593829955581832E+02
    0.922910029234286352E-92   -0.627054634094238281E+02    0.221808996766464297E+02    0.158803881763099248E+02
    0.959214729360631950E-92   -0.627846298217773438E+02    0.318418795946668487E+01    0.275390204163393726E+02
    0.989232643173143756E-92   -0.628482589721679688E+02    0.156931721128665576E+02    0.310195913654615154E+02
    0.103263112094971405E-91   -0.629361305236816406E+02    0.944378269442710483E+01    0.298376434391004430E+02
    0.105905205695448171E-91   -0.629886589050292969E+02    0.219735257724052246E+02    0.140947405379469366E+02
    0.106480784709281541E-91   -0.630014991760253906E+02    0.104487180013306382E+02    0.157336020191058630E+02
    0.111313216401226629E-91   -0.630922660827636719E+02    0.282337796397354381E+02    0.288448590127298559E+02
    0.111484198493260610E-91   -0.630973358154296875E+02    0.220050049606683409E+02    0.176271076816170584E+02
    0.128814761757182283E-91   -0.633883209228515625E+02    0.330648884716099012E+01    0.281810996086006895E+02
    0.133214855161788912E-91   -0.634574966430664063E+02    0.161131068436908187E+02    0.220249718028817512E+02
    0.133300945341876786E-91   -0.634607887268066406E+02    0.157152811352817992E+02    0.243489152458256690E+02
    0.146044818223192662E-91   -0.636453971862792969E+02    0.290762687780468667E+02    0.282629518647042772E+02
    0.146652979469031714E-91   -0.636557083129882813E+02    0.942045277909963019E+01    0.150327121156566490E+00
    0.148203686908989510E-91   -0.636787452697753906E+02    0.317116260502267577E+01    0.280013268723446345E+02
    0.152225122454196499E-91   -0.637342910766601563E+02    0.937703430677455252E+01    0.221306445785198740E+02
    0.157399954056659317E-91   -0.638031501770019531E+02    0.156483791997476462E+02    0.322432200515363920E+01
    0.159224267401067958E-91   -0.638281974792480469E+02    0.147871178966430641E+02    0.157128018987545026E+02
    0.166807274502845845E-91   -0.639232482910156250E+02    0.942814328092561560E+01    0.162865148330010427E+02
    0.175621188168893899E-91   -0.640282287597656250E+02    0.387990404832003888E+01    0.219901707372776798E+02
    0.177320866543418246E-91   -0.640494918823242188E+02    0.120713202598562503E+02    0.314095486812061120E+01
    0.192984966957727923E-91   -0.642207946777343750E+02    0.271054498846149876E+02    0.313659747884642925E+01
    0.204671009723611770E-91   -0.643403778076171875E+02    0.398486526060440616E+01    0.219807743559378252E+02
    0.210215436684263343E-91   -0.643958358764648438E+02    0.941397380751017288E+01    0.210422391451505320E+02
    0.221660959958211473E-91   -0.645038681030273438E+02    0.282678298187477850E+02    0.246043365292616443E+02
    0.227747286815293614E-91   -0.645600433349609375E+02    0.157652684608831262E+02    0.159520781842007953E+02
    0.237454610431567765E-91   -0.646455230712890625E+02    0.963584113374629325E+01    0.156316499707938252E+02
    0.238072143278820237E-91   -0.646527175903320313E+02    0.299056595330437647E+01    0.156002044881632536E+02
    0.241854312532401023E-91   -0.646862411499023438E+02    0.165022702045354350E+02    0.219690653936982621E+02
    0.248469511951273122E-91   -0.647422103881835938E+02    0.104811877606835893E+02    0.220094728295158717E+02
    0.263592788974659256E-91   -0.648623809814453125E+02    0.312045809846216837E+01    0.272101714124012481E+02
    0.267097882844091018E-91   -0.648908004760742188E+02    0.282854765899209220E+02    0.650591362507375148E+01
    0.273808580252267337E-91   -0.649424285888671875E+02    0.320736432691255979E+01    0.216330445801683382E+02
    0.273645536899869517E-91   -0.649432373046875000E+02    0.775761535798942603E+01    0.315742568722491068E+01
    0.277133088179085257E-91   -0.649705657958984375E+02    0.283926792267696193E+02    0.217868808321800032E+02
    0.286494546970640756E-91   -0.650390090942382813E+02    0.218291270975065288E+02    0.330122327834319940E+01
    0.298885959130026263E-91   -0.651256942749023438E+02    0.945462280036102776E+01    0.216705495865166808E+01
    0.301722202314295383E-91   -0.651465835571289063E+02    0.283031121258832101E+02    0.417612412741818950E+01
    0.323744949840177827E-91   -0.652894821166992188E+02    0.158242383375580467E+02    0.159840386139952688E+02
    0.326948020082360115E-91   -0.653111724853515625E+02    0.278691371265682690E+02    0.950559320691162313E+01
    0.336129113022766646E-91   -0.653685607910156250E+02    0.283023462590103527E+02    0.295752619425436478E+02
    0.338479745218474973E-91   -0.653844985961914063E+02    0.315946300545882108E+01    0.308495726647573356E+02
    0.339860074174117581E-91   -0.653946380615234375E+02    0.238252926266132334E+02    0.156861913018591874E+02
    0.345959380368848214E-91   -0.654322128295898438E+02    0.938882940563062007E+01    0.417411489721140150E+01
    0.351774747231548852E-91   -0.654675521850585938E+02    0.301008469785843360E+02    0.282973016493392535E+02
    0.392141064250614935E-91   -0.656868133544921875E+02    0.439862249799698368E+01    0.219556561695502523E+02
    0.401945872334999412E-91   -0.657382049560546875E+02    0.284521790308895728E+01    0.299587646296556276E+01
    0.405596051319372730E-91   -0.657582855224609375E+02    0.157963038583177173E+02    0.287718114168614214E+02
    0.432398974509729347E-91   -0.658882675170898438E+02    0.280895438753940496E+01    0.281332975315094487E+02
    0.439549950228308887E-91   -0.659230728149414063E+02    0.165761585686823807E+02    0.283308200283714235E+02
    0.439935530294349906E-91   -0.659268264770507813E+02    0.131109592605364984E+02    0.220158600468833967E+02
    0.451100523918245560E-91   -0.659789505004882813E+02    0.269745315901996747E+02    0.310120656467279820E+01
    0.451608201102849856E-91   -0.659832000732421875E+02    0.221873917559818778E+02    0.280237074123553889E+02
    0.498028653771879670E-91   -0.661808853149414063E+02    0.555774983858906158E+01    0.157367328978623870E+02
    0.513091229216129954E-91   -0.662424774169921875E+02    0.156688965672926450E+02    0.156908707671777004E+01
    0.523218743148545471E-91   -0.662835693359375000E+02    0.218013030978395435E+02    0.285723939144362902E+02
    0.588937189845866390E-91   -0.665222091674804688E+02    0.947316277079664282E+01    0.108180100192540607E+02
    0.609121664743948635E-91   -0.665916061401367188E+02    0.281952297587781615E+02    0.228210726281337379E+02
    0.616811838604401384E-91   -0.666186981201171875E+02    0.261674408562024468E+02    0.156709001798940086E+02
    0.628744321964670135E-91   -0.666590194702148438E+02    0.218613234667288232E+02    0.365117762586074290E+01
    0.642741469385723139E-91   -0.667050552368164063E+02    0.280073021319810387E+02    0.280238609602369877E+02
    0.702064698934514532E-91   -0.668836212158203125E+02    0.891517725920324189E+01    0.328220581144651158E+01
    0.712600822225052816E-91   -0.669154129028320313E+02    0.310275702376992868E+01    0.117701510703792156E+02
    0.795357555059972788E-91   -0.671371536254882813E+02    0.145021517537450997E+02    0.282064818224432088E+02
    0.803110243584196034E-91   -0.671585540771484375E+02    0.218997366526207742E+02    0.211159177853616349E+02
    0.872452771467041927E-91   -0.673261871337890625E+02    0.288614740170400452E+02    0.158488640472034117E+02
    0.916543125412206571E-91   -0.674267883300781250E+02    0.283512044459213790E+02    0.827008141282902898E+01
    0.915644504772023221E-91   -0.674268264770507813E+02    0.159304915990900220E+02    0.904471549521929674E+01
    0.942197568980928877E-91   -0.674860000610351563E+02    0.232819503398260643E+02    0.220620760867098191E+02
    0.957352168052951965E-91   -0.675199127197265625E+02    0.546267373931647171E+01    0.937781515392854104E+01
    0.965500889801086881E-91   -0.675388641357421875E+02    0.276169422211810307E+02    0.300739255408555373E+01
    0.976501342405296603E-91   -0.675635223388671875E+02    0.283444764271581064E+02    0.808350201133375812E+01
    0.102126205869505753E-90   -0.676551589965820313E+02    0.157878025487754794E+02    0.168961898046393628E+02
    0.105745279952537484E-90   -0.677268066406250000E+02    0.948049187334032517E+01    0.122771268521840526E+01
    0.109579516298966611E-90   -0.678000411987304688E+02    0.302549285326995339E+02    0.319710283433734821E+01
    0.115056212949166732E-90   -0.678995819091796875E+02    0.177774179499573526E+01    0.156324270728775314E+02
    0.118430707623510874E-90   -0.679593963623046875E+02    0.156233078267386123E+02    0.144928789597245800E+02
    0.118743685283750015E-90   -0.679666748046875000E+02    0.975190835195467187E+01    0.284326859400669552E+01
    0.118668450678735707E-90   -0.679674072265625000E+02    0.953683271067663263E+01    0.228850440461715046E+02
    0.119387152221695407E-90   -0.679814834594726563E+02    0.127773914680418894E+02    0.947362903204686724E+01
    0.127894698219073119E-90   -0.681211547851562500E+02    0.155735377152136945E+02    0.275077078837038442E+02
    0.142488031386298999E-90   -0.683392562866210938E+02    0.218384729203975638E+02    0.164153059274956554E+02
    0.145957128408605369E-90   -0.683893661499023438E+02    0.335734315653281445E+01    0.162093720027782346E+02
    0.148245357743333538E-90   -0.684224777221679688E+02    0.257433696952506974E+01    0.294899380062877947E+01
    0.149177328426013717E-90   -0.684370117187500000E+02    0.156268150850585705E+02    0.268181318375793474E+02
    0.156410380144422161E-90   -0.685337066650390625E+02    0.191312365142775143E+02    0.936908914016932926E+01
    0.168145923413399009E-90   -0.686804046630859375E+02    0.327536918564503399E+01    0.165867552450479145E+02
    0.169577135864467078E-90   -0.686993560791015625E+02    0.249389978822788692E+02    0.948214344933509423E+01
    0.183890958822332170E-90   -0.688634262084960938E+02    0.156251972146963460E+02    0.141194186785762650E+02
    0.193321946046939900E-90   -0.689654541015625000E+02    0.283778075526761278E+02    0.818163970556263820E+01
    0.202561682256087884E-90   -0.690608291625976563E+02    0.386215990531954523E+01    0.331583467005202692E+01
    0.208744567288973330E-90   -0.691229629516601563E+02    0.150335435212594586E+02    0.961268910925725706E+01
    0.216537209371349725E-90   -0.691982650756835938E+02    0.997442919295516184E+01    0.222236889771639774E+02
    0.225096819702174635E-90   -0.692778015136718750E+02    0.358565574872584714E+01    0.216999540058430576E+02
    0.865748249856883556E-92   -0.625755882263183594E+02    0.157295367453137480E+02    0.239593829955581832E+02
    0.922910029234286352E-92   -0.627054634094238281E+02    0.221808996766464297E+02    0.158803881763099248E+02
    0.959214729360631950E-92   -0.627846298217773438E+02    0.318418795946668487E+01    0.275390204163393726E+02
    0.989232643173143756E-92   -0.628482589721679688E+02    0.156931721128665576E+02    0.310195913654615154E+02
    0.103263112094971405E-91   -0.629361305236816406E+02    0.944378269442710483E+01    0.298376434391004430E+02
    0.105905205695448171E-91   -0.629886589050292969E+02    0.219735257724052246E+02    0.140947405379469366E+02
    0.106480784709281541E-91   -0.630014991760253906E+02    0.104487180013306382E+02    0.157336020191058630E+02
    0.111313216401226629E-91   -0.630922660827636719E+02    0.282337796397354381E+02    0.288448590127298559E+02
    0.111484198493260610E-91   -0.630973358154296875E+02    0.220050049606683409E+02    0.176271076816170584E+02
    0.128814761757182283E-91   -0.633883209228515625E+02    0.330648884716099012E+01    0.281810996086006895E+02
    0.133214855161788912E-91   -0.634574966430664063E+02    0.161131068436908187E+02    0.220249718028817512E+02
    0.133300945341876786E-91   -0.634607887268066406E+02    0.157152811352817992E+02    0.243489152458256690E+02
    0.146044818223192662E-91   -0.636453971862792969E+02    0.290762687780468667E+02    0.282629518647042772E+02
    0.146652979469031714E-91   -0.636557083129882813E+02    0.942045277909963019E+01    0.150327121156566490E+00
    0.148203686908989510E-91   -0.636787452697753906E+02    0.317116260502267577E+01    0.280013268723446345E+02
    0.152225122454196499E-91   -0.637342910766601563E+02    0.937703430677455252E+01    0.221306445785198740E+02
    0.157399954056659317E-91   -0.638031501770019531E+02    0.156483791997476462E+02    0.322432200515363920E+01
    0.159224267401067958E-91   -0.638281974792480469E+02    0.147871178966430641E+02    0.157128018987545026E+02
    0.166807274502845845E-91   -0.639232482910156250E+02    0.942814328092561560E+01    0.162865148330010427E+02
    0.175621188168893899E-91   -0.640282287597656250E+02    0.387990404832003888E+01    0.219901707372776798E+02
    0.177320866543418246E-91   -0.640494918823242188E+02    0.120713202598562503E+02    0.314095486812061120E+01
    0.192984966957727923E-91   -0.642207946777343750E+02    0.271054498846149876E+02    0.313659747884642925E+01
    0.204671009723611770E-91   -0.643403778076171875E+02    0.398486526060440616E+01    0.219807743559378252E+02
    0.210215436684263343E-91   -0.643958358764648438E+02    0.941397380751017288E+01    0.210422391451505320E+02
    0.221660959958211473E-91   -0.645038681030273438E+02    0.282678298187477850E+02    0.246043365292616443E+02
    0.227747286815293614E-91   -0.645600433349609375E+02    0.157652684608831262E+02    0.159520781842007953E+02
    0.237454610431567765E-91   -0.646455230712890625E+02    0.963584113374629325E+01    0.156316499707938252E+02
    0.238072143278820237E-91   -0.646527175903320313E+02    0.299056595330437647E+01    0.156002044881632536E+02
    0.241854312532401023E-91   -0.646862411499023438E+02    0.165022702045354350E+02    0.219690653936982621E+02
    0.248469511951273122E-91   -0.647422103881835938E+02    0.104811877606835893E+02    0.220094728295158717E+02
    0.263592788974659256E-91   -0.648623809814453125E+02    0.312045809846216837E+01    0.272101714124012481E+02
    0.267097882844091018E-91   -0.648908004760742188E+02    0.282854765899209220E+02    0.650591362507375148E+01
    0.273808580252267337E-91   -0.649424285888671875E+02    0.320736432691255979E+01    0.216330445801683382E+02
    0.273645536899869517E-91   -0.649432373046875000E+02    0.775761535798942603E+01    0.315742568722491068E+01
    0.277133088179085257E-91   -0.649705657958984375E+02    0.283926792267696193E+02    0.217868808321800032E+02
    0.286494546970640756E-91   -0.650390090942382813E+02    0.218291270975065288E+02    0.330122327834319940E+01
    0.298885959130026263E-91   -0.651256942749023438E+02    0.945462280036102776E+01    0.216705495865166808E+01
    0.301722202314295383E-91   -0.651465835571289063E+02    0.283031121258832101E+02    0.417612412741818950E+01
    0.323744949840177827E-91   -0.652894821166992188E+02    0.158242383375580467E+02    0.159840386139952688E+02
    0.326948020082360115E-91   -0.653111724853515625E+02    0.278691371265682690E+02    0.950559320691162313E+01
    0.336129113022766646E-91   -0.653685607910156250E+02    0.283023462590103527E+02    0.295752619425436478E+02
    0.338479745218474973E-91   -0.653844985961914063E+02    0.315946300545882108E+01    0.308495726647573356E+02
    0.339860074174117581E-91   -0.653946380615234375E+02    0.238252926266132334E+02    0.156861913018591874E+02
    0.345959380368848214E-91   -0.654322128295898438E+02    0.938882940563062007E+01    0.417411489721140150E+01
    0.351774747231548852E-91   -0.654675521850585938E+02    0.301008469785843360E+02    0.282973016493392535E+02
    0.392141064250614935E-91   -0.656868133544921875E+02    0.439862249799698368E+01    0.219556561695502523E+02
    0.401945872334999412E-91   -0.657382049560546875E+02    0.284521790308895728E+01    0.299587646296556276E+01
    0.405596051319372730E-91   -0.657582855224609375E+02    0.157963038583177173E+02    0.287718114168614214E+02
    0.432398974509729347E-91   -0.658882675170898438E+02    0.280895438753940496E+01    0.281332975315094487E+02
    0.439549950228308887E-91   -0.659230728149414063E+02    0.165761585686823807E+02    0.283308200283714235E+02
    0.439935530294349906E-91   -0.659268264770507813E+02    0.131109592605364984E+02    0.220158600468833967E+02
    0.451100523918245560E-91   -0.659789505004882813E+02    0.269745315901996747E+02    0.310120656467279820E+01
    0.451608201102849856E-91   -0.659832000732421875E+02    0.221873917559818778E+02    0.280237074123553889E+02
    0.498028653771879670E-91   -0.661808853149414063E+02    0.555774983858906158E+01    0.157367328978623870E+02
    0.513091229216129954E-91   -0.662424774169921875E+02    0.156688965672926450E+02    0.156908707671777004E+01
    0.523218743148545471E-91   -0.662835693359375000E+02    0.218013030978395435E+02    0.285723939144362902E+02
    0.588937189845866390E-91   -0.665222091674804688E+02    0.947316277079664282E+01    0.108180100192540607E+02
    0.609121664743948635E-91   -0.665916061401367188E+02    0.281952297587781615E+02    0.228210726281337379E+02
    0.616811838604401384E-91   -0.666186981201171875E+02    0.261674408562024468E+02    0.156709001798940086E+02
    0.628744321964670135E-91   -0.666590194702148438E+02    0.218613234667288232E+02    0.365117762586074290E+01
    0.642741469385723139E-91   -0.667050552368164063E+02    0.280073021319810387E+02    0.280238609602369877E+02
    0.702064698934514532E-91   -0.668836212158203125E+02    0.891517725920324189E+01    0.328220581144651158E+01
    0.712600822225052816E-91   -0.669154129028320313E+02    0.310275702376992868E+01    0.117701510703792156E+02
    0.795357555059972788E-91   -0.671371536254882813E+02    0.145021517537450997E+02    0.282064818224432088E+02
    0.803110243584196034E-91   -0.671585540771484375E+02    0.218997366526207742E+02    0.211159177853616349E+02
    0.872452771467041927E-91   -0.673261871337890625E+02    0.288614740170400452E+02    0.158488640472034117E+02
    0.916543125412206571E-91   -0.674267883300781250E+02    0.283512044459213790E+02    0.827008141282902898E+01
    0.915644504772023221E-91   -0.674268264770507813E+02    0.159304915990900220E+02    0.904471549521929674E+01
    0.942197568980928877E-91   -0.674860000610351563E+02    0.232819503398260643E+02    0.220620760867098191E+02
    0.957352168052951965E-91   -0.675199127197265625E+02    0.546267373931647171E+01    0.937781515392854104E+01
    0.965500889801086881E-91   -0.675388641357421875E+02    0.276169422211810307E+02    0.300739255408555373E+01
    0.976501342405296603E-91   -0.675635223388671875E+02    0.283444764271581064E+02    0.808350201133375812E+01
    0.102126205869505753E-90   -0.676551589965820313E+02    0.157878025487754794E+02    0.168961898046393628E+02
    0.105745279952537484E-90   -0.677268066406250000E+02    0.948049187334032517E+01    0.122771268521840526E+01
    0.109579516298966611E-90   -0.678000411987304688E+02    0.302549285326995339E+02    0.319710283433734821E+01
    0.115056212949166732E-90   -0.678995819091796875E+02    0.177774179499573526E+01    0.156324270728775314E+02
    0.118430707623510874E-90   -0.679593963623046875E+02    0.156233078267386123E+02    0.144928789597245800E+02
    0.118743685283750015E-90   -0.679666748046875000E+02    0.975190835195467187E+01    0.284326859400669552E+01
    0.118668450678735707E-90   -0.679674072265625000E+02    0.953683271067663263E+01    0.228850440461715046E+02
    0.119387152221695407E-90   -0.679814834594726563E+02    0.127773914680418894E+02    0.947362903204686724E+01
    0.127894698219073119E-90   -0.681211547851562500E+02    0.155735377152136945E+02    0.275077078837038442E+02
    0.142488031386298999E-90   -0.683392562866210938E+02    0.218384729203975638E+02    0.164153059274956554E+02
    0.145957128408605369E-90   -0.683893661499023438E+02    0.335734315653281445E+01    0.162093720027782346E+02
    0.148245357743333538E-90   -0.684224777221679688E+02    0.257433696952506974E+01    0.294899380062877947E+01
    0.149177328426013717E-90   -0.684370117187500000E+02    0.156268150850585705E+02    0.268181318375793474E+02
    0.156410380144422161E-90   -0.685337066650390625E+02    0.191312365142775143E+02    0.936908914016932926E+01
    0.168145923413399009E-90   -0.686804046630859375E+02    0.327536918564503399E+01    0.165867552450479145E+02
    0.169577135864467078E-90   -0.686993560791015625E+02    0.249389978822788692E+02    0.948214344933509423E+01
    0.183890958822332170E-90   -0.688634262084960938E+02    0.156251972146963460E+02    0.141194186785762650E+02
    0.193321946046939900E-90   -0.689654541015625000E+02    0.283778075526761278E+02    0.818163970556263820E+01
    0.202561682256087884E-90   -0.690608291625976563E+02    0.386215990531954523E+01    0.331583467005202692E+01
    0.208744567288973330E-90   -0.691229629516601563E+02    0.150335435212594586E+02    0.961268910925725706E+01
    0.216537209371349725E-90   -0.691982650756835938E+02    0.997442919295516184E+01    0.222236889771639774E+02
    0.225096819702174635E-90   -0.692778015136718750E+02    0.358565574872584714E+01    0.216999540058430576E+02
    0.173422078516805531E-91   -0.639650268554687500E+02    0.307754521062528452E+01    0.315524605632024890E+01
    0.173433891604649735E-91   -0.639671630859375000E+02    0.313141430157486234E+01    0.934406270800369043E+01
    0.173508572959517385E-91   -0.639700241088867188E+02    0.219961984278980474E+02    0.329019030128970513E+01
    0.174141395887413789E-91   -0.639793052673339844E+02    0.157058491757742544E+02    0.338688801599480138E+01
    0.175487023328821785E-91   -0.639967002868652344E+02    0.285601737501031074E+02    0.157076730250020393E+02
    0.177869727059525640E-91   -0.640256729125976563E+02    0.236946383596528669E+02    0.219915751386337774E+02
    0.179738520899246050E-91   -0.640485763549804688E+02    0.946302861061105105E+01    0.282426011527868681E+02
    0.179695917037233217E-91   -0.640501022338867188E+02    0.158120612415331188E+02    0.282863641715779757E+02
    0.190207571339097764E-91   -0.641658020019531250E+02    0.938639136487643810E+01    0.218832246377433641E+02
    0.191085265918499353E-91   -0.641770095825195313E+02    0.939276172942769172E+01    0.928658711437165607E+01
    0.191139838676667895E-91   -0.641795806884765625E+02    0.944016682906894289E+01    0.971722712859965476E+01
    0.194455122889052188E-91   -0.642159729003906250E+02    0.206413630769960719E+02    0.314590772356977810E+01
    0.194320057688927917E-91   -0.642165832519531250E+02    0.283620334322768031E+02    0.283360249485277933E+02
    0.196573785997792240E-91   -0.642416458129882813E+02    0.231914394812283611E+02    0.219964886708449718E+02
    0.199082872185470818E-91   -0.642690124511718750E+02    0.322312920026852812E+01    0.219087603994674787E+02
    0.206049773205428863E-91   -0.643398056030273438E+02    0.221468207783897739E+02    0.156534490022753747E+02
    0.211692107057616524E-91   -0.643958358764648438E+02    0.259113978910995009E+02    0.157026284153309401E+02
    0.211817196616844350E-91   -0.643990173339843750E+02    0.986869275112223043E+01    0.156853617687915197E+02
    0.219130238529977440E-91   -0.644689025878906250E+02    0.220356752137503484E+02    0.287830559903859040E+01
    0.229113508163528744E-91   -0.645600051879882813E+02    0.855562991415598795E+01    0.219745800096898698E+02
    0.229213914149509535E-91   -0.645628814697265625E+02    0.296099487835040911E+02    0.282856563532945025E+02
    0.249027609417155274E-91   -0.647306976318359375E+02    0.298307019513310401E+01    0.302669839139402663E+01
    0.255526899915082534E-91   -0.647842254638671875E+02    0.940095968827701078E+01    0.165519242188815809E+02
    0.257991055710201446E-91   -0.648054199218750000E+02    0.156878054271511278E+02    0.230313133836765225E+02
    0.258659036227740495E-91   -0.648125915527343750E+02    0.938488959169298553E+01    0.214788225859175306E+02
    0.290546340049777470E-91   -0.650470962524414063E+02    0.178789355701165711E+02    0.157226645413445834E+02
    0.299383984783871245E-91   -0.651090240478515625E+02    0.283714034824923296E+02    0.159927028340948141E+02
    0.307033492558205411E-91   -0.651614837646484375E+02    0.312260215119914264E+01    0.141790607953669690E+01
    0.311291932136106272E-91   -0.651910324096679688E+02    0.223664922521221499E+02    0.220703770349919211E+02
    0.311931283462582518E-91   -0.651971359252929688E+02    0.238317191672187327E+02    0.156892978376588719E+02
    0.311693218322386658E-91   -0.651976089477539063E+02    0.316477164258486576E+01    0.453339634226856703E+01
    0.351600169958458205E-91   -0.654405593872070313E+02    0.148718632195402076E+02    0.282303697532428366E+02
    0.354774198534934402E-91   -0.654605331420898438E+02    0.282425056534946535E+02    0.144986931813388189E+02
    0.356419427718252444E-91   -0.654717864990234375E+02    0.283167591619941845E+02    0.291627518135552855E+02
    0.371616843195702644E-91   -0.655572967529296875E+02    0.283029585780016113E+02    0.205131487233250276E+02
    0.395845001930957258E-91   -0.656856155395507813E+02    0.279364603825092495E+02    0.301749675370888237E+01
    0.397284944613110340E-91   -0.656948776245117188E+02    0.154697842880955694E+02    0.296490285919064034E+01
    0.398655601556236637E-91   -0.657037658691406250E+02    0.305868803273670622E+02    0.940175364317699191E+01
    0.425728443549159946E-91   -0.658371734619140625E+02    0.282304717904220084E+02    0.105131002587811508E+02
    0.493523790401624803E-91   -0.661347122192382813E+02    0.277051449820377478E+02    0.951860699618971928E+01
    0.504633836043473318E-91   -0.661812362670898438E+02    0.334473163235506776E+01    0.285404316121066763E+02
    0.526851932168754754E-91   -0.662694091796875000E+02    0.274197867412067815E+02    0.282068151336983881E+02
    0.539551352673733908E-91   -0.663190460205078125E+02    0.283031757920780187E+02    0.601245754699027035E+01
    0.540704893687804800E-91   -0.663253173828125000E+02    0.283080537461215300E+02    0.517273976068820840E+01
    0.559665278173785929E-91   -0.663962478637695313E+02    0.219565886920507012E+02    0.199437126593415890E+02
    0.587238022013469197E-91   -0.664944305419921875E+02    0.217949477135694210E+02    0.285891325060658197E+02
    0.673325276401718233E-91   -0.667700271606445313E+02    0.324820993595326968E+01    0.213408879023271574E+02
    0.715024707418625243E-91   -0.668922042846679688E+02    0.156324308179478138E+02    0.216227250390037407E+01
    0.716845941202969183E-91   -0.668992919921875000E+02    0.158289477634388227E+02    0.373934032539105488E+01
    0.757599164643352025E-91   -0.670118789672851563E+02    0.285891287609955356E+02    0.217548117953473259E+02
    0.861667448010573622E-91   -0.672713088989257813E+02    0.984565869634710644E+01    0.961694350909865925E+01
    0.953101898676942857E-91   -0.674750137329101563E+02    0.158288185585140617E+02    0.870520989379111043E+01
    0.986730419456365580E-91   -0.675463638305664063E+02    0.981526932353632020E+01    0.964883840016318040E+01
    0.988632567794778349E-91   -0.675522155761718750E+02    0.158327377745651425E+02    0.871296406181190441E+01
    0.996914428491373587E-91   -0.675708999633789063E+02    0.157680549816289943E+02    0.173354713490799348E+02
    0.105394349561507431E-90   -0.676841583251953125E+02    0.161425254647917633E+02    0.335084114243328823E+01
    0.107694212739213436E-90   -0.677293319702148438E+02    0.226389667130914205E+02    0.299830326850889728E+01
    0.108828611345779832E-90   -0.677522888183593750E+02    0.219649682868087437E+01    0.220919055715133084E+02
    0.115026567884001999E-90   -0.678650665283203125E+02    0.303541878754781491E+01    0.103463221621900736E+02
    0.116720302672896217E-90   -0.678963012695312500E+02    0.234634139753148609E+02    0.282034857662168683E+02
    0.118641108081228054E-90   -0.679309463500976563E+02    0.320049586801367747E+01    0.504548039993931141E+01
    0.119577485969726330E-90   -0.679486694335937500E+02    0.218210115302034318E+02    0.884980143980937939E+01
    0.121557829985777506E-90   -0.679835205078125000E+02    0.220891324737623318E+01    0.220992899359928572E+02
    0.121843277225786691E-90   -0.679902114868164063E+02    0.221967806471811677E+02    0.152291148365040296E+02
    0.216869013821213633E-92   -0.596069869995117188E+02    0.276966335968006447E+02    0.334021866638411291E+01
    0.218132523262190528E-92   -0.596206054687500000E+02    0.949583168121918142E+01    0.497171936818198379E+01
    0.248037820747594217E-92   -0.598795623779296875E+02    0.289802301957115631E+02    0.281211878467496135E+02
    0.287224295367311290E-92   -0.601749267578125000E+02    0.947964361492124397E+01    0.304831156650380883E+02
    0.287218111451324914E-92   -0.601768836975097656E+02    0.220438675549942431E+02    0.306580647507697392E+02
    0.289038643598248368E-92   -0.601915206909179688E+02    0.202482411768624040E+02    0.307783732610735283E+01
    0.299650370481588690E-92   -0.602656326293945313E+02    0.221001877944439968E+02    0.210829049908176600E+02
    0.300746701315424269E-92   -0.602749366760253906E+02    0.297464434875706765E+02    0.156369192846818983E+02
    0.303335502537388743E-92   -0.602940788269042969E+02    0.222830483411483229E+02    0.160355969965802814E+02
    0.314354582035632164E-92   -0.603674430847167969E+02    0.947522255945225211E+01    0.180512649791853157E+02
    0.327015304654161511E-92   -0.604484138488769531E+02    0.327431120329010783E+01    0.101237994486544416E+02
    0.330719711877282750E-92   -0.604729423522949219E+02    0.159367689376590551E+02    0.223887887658048967E+02
    0.362091317520441367E-92   -0.606561927795410156E+02    0.206571691461251525E+02    0.282052965076986624E+02
    0.403864023910992132E-92   -0.608765563964843750E+02    0.283615800691338578E+02    0.103732265651660569E+02
    0.435344463682945387E-92   -0.610286750793457031E+02    0.283133904712746940E+02    0.246350535957221872E+02
    0.477162746342669980E-92   -0.612141151428222656E+02    0.110994258355238138E+02    0.283220546913742410E+02
    0.487052788544374440E-92   -0.612571449279785156E+02    0.280755298223953460E+02    0.349499695985196634E+01
    0.490129689456695898E-92   -0.612717399597167969E+02    0.220508614737476059E+02    0.169483792315670492E+02
    0.504098836940059267E-92   -0.613299446105957031E+02    0.284815441269779797E+02    0.975451304833644528E+01
    0.538102414827498696E-92   -0.614624977111816406E+02    0.154772987716182566E+02    0.159889970870498601E+02
    0.545857135167910705E-92   -0.614931144714355469E+02    0.281057300691568450E+02    0.904436345861270219E+01
    0.568905179082796408E-92   -0.615778274536132813E+02    0.222705959824575999E+02    0.920355890619923223E+01
    0.622523913720413910E-92   -0.617599639892578125E+02    0.241178687523260997E+02    0.283068309806741532E+02
    0.663484844472748411E-92   -0.618894119262695313E+02    0.307293521636051956E+02    0.156795681450638362E+02
    0.664916032895260777E-92   -0.618957214355468750E+02    0.219311559197593660E+02    0.103457716368584851E+02
    0.685080894896247974E-92   -0.619574737548828125E+02    0.274978227706920686E+01    0.929180961488119372E+01
    0.687040735321261231E-92   -0.619651870727539063E+02    0.218504122044595235E+02    0.279058051097083784E+02
    0.703928929354643485E-92   -0.620157546997070313E+02    0.202853810388581621E+02    0.282409851549597839E+02
    0.713240364849896218E-92   -0.620440368652343750E+02    0.283692107438416770E+02    0.225192723943140329E+02
    0.725337404513481125E-92   -0.620796737670898438E+02    0.157919464690435341E+02    0.100119753950766164E+02
    0.743437759236996606E-92   -0.621309700012207031E+02    0.154505720775441695E+02    0.332605683938926777E+01
    0.744342581834371346E-92   -0.621354026794433594E+02    0.159668886223769384E+02    0.280914023779988291E+02
    0.753305878912065423E-92   -0.621613426208496094E+02    0.261158354500753696E+02    0.939840255188326168E+01
    0.766231512334553615E-92   -0.621973686218261719E+02    0.211137381544569749E+02    0.282206718937452052E+02
    0.772639984190362492E-92   -0.622160263061523438E+02    0.148675769866014011E+02    0.319688374772579698E+01
    0.773252859339205306E-92   -0.622196121215820313E+02    0.370070998888642100E+01    0.306000382435822926E+01
    0.816524198496206804E-92   -0.623305130004882813E+02    0.283073421827677727E+02    0.268880654075075256E+02
    0.834644401420305876E-92   -0.623764114379882813E+02    0.305076795810237877E+01    0.896918679028842902E+01
    0.872182084386751359E-92   -0.624663963317871094E+02    0.219096486833811888E+02    0.224708720903661714E+02
    0.880949058051991304E-92   -0.624883995056152344E+02    0.311758188448488305E+01    0.301107040035689906E+02
    0.961841640987554799E-92   -0.626660995483398438E+02    0.312470688069814573E+01    0.186658665907808192E+02
    0.100900300856488092E-91   -0.627638359069824219E+02    0.285150587609398656E+02    0.301180611941397958E+01
    0.103212871475968823E-91   -0.628111572265625000E+02    0.157417887427443350E+02    0.273572309597359613E+02
    0.106981808206901927E-91   -0.628848876953125000E+02    0.282350679439127639E+02    0.212599475708374648E+02
    0.114869711571258519E-91   -0.630291671752929688E+02    0.221422037379481189E+02    0.330358080008630006E+01
    0.116628964852130559E-91   -0.630615653991699219E+02    0.103855293029820039E+01    0.315518426266058061E+01
    0.116595315374503519E-91   -0.630629882812500000E+02    0.219743627956134588E+02    0.109809055962801203E+02
    0.120902958172151887E-91   -0.631375465393066406E+02    0.966894755504734071E+01    0.219021147722504317E+02
    0.121220619572242619E-91   -0.631447944641113281E+02    0.220614956008159666E+02    0.160147893860883563E+02
    0.124939994421924176E-91   -0.632072372436523438E+02    0.106397034780137698E+02    0.940733005282826440E+01
    0.128268024272055997E-91   -0.632618141174316406E+02    0.282624219372592407E+02    0.300580370801802310E+02
    0.136067104995888226E-91   -0.633818664550781250E+02    0.348341907507230708E+01    0.947038767371699741E+01
    0.137677510166230696E-91   -0.634073982238769531E+02    0.220005895228047734E+02    0.495521484344513752E+01
    0.138869247739874789E-91   -0.634266357421875000E+02    0.220177539295722973E+02    0.214436152071087314E+02
    0.151760282951257764E-91   -0.636061744689941406E+02    0.156751527072002688E+02    0.912280208315340246E+01
    0.151904998425949215E-91   -0.636100807189941406E+02    0.852736062105789827E+01    0.220024118979737011E+02
    0.155898952754126001E-91   -0.636639862060546875E+02    0.791199277265697454E+01    0.943091088786469633E+01
    0.160062932721529230E-91   -0.637187042236328125E+02    0.204492746771146194E+02    0.313653755772190257E+01
    0.182900040822275587E-91   -0.639874496459960938E+02    0.314211583990831755E+01    0.253267868023296527E+01
    0.189526783973259360E-91   -0.640606307983398438E+02    0.157088227615788973E+02    0.178661536452409528E+02
    0.189854476076012957E-91   -0.640660858154296875E+02    0.942763020629685400E+01    0.100124060781591524E+02
    0.200320515326960697E-91   -0.641754074096679688E+02    0.314588124429131755E+01    0.421361111924008380E+01
    0.201682933511819189E-91   -0.641909637451171875E+02    0.214225791204085780E+02    0.282828344428363181E+02
    0.203814361010220421E-91   -0.642139892578125000E+02    0.220013385368613612E+02    0.225216205533814247E+02
    0.206445790476880367E-91   -0.642416458129882813E+02    0.313462944441275271E+01    0.273784018420453314E+02
    0.216655490800437998E-91   -0.643401870727539063E+02    0.157141838296889027E+02    0.297758198188699339E+02
    0.217008564040529559E-91   -0.643454437255859375E+02    0.156807703126246558E+02    0.223093855479129850E+02
    0.220850030576508145E-91   -0.643825378417968750E+02    0.279614587266477663E+02    0.282437153111960377E+02
    0.225646929059679459E-91   -0.644275131225585938E+02    0.312883823408532802E+01    0.274121639569339948E+02
    0.225827640123318943E-91   -0.644311141967773438E+02    0.313542152677759089E+01    0.241050681020990680E+02
    0.234399245340747684E-91   -0.645076217651367188E+02    0.220303047829646346E+02    0.223156735209180148E+02
    0.235192684123236428E-91   -0.645163803100585938E+02    0.155764719777803649E+02    0.304362423653770131E+01
    0.241693892233913345E-91   -0.645729141235351563E+02    0.204059852878974297E+02    0.315161230393449854E+01
    0.246116878473180701E-91   -0.646111831665039063E+02    0.243656426022443462E+02    0.219993555221465513E+02
    0.280987307437032268E-91   -0.648781890869140625E+02    0.222349372957587406E+02    0.156181433748184588E+02
    0.287707636647360951E-91   -0.649274597167968750E+02    0.282915473488495408E+02    0.297417509145061736E+02
    0.296417095207638369E-91   -0.649891052246093750E+02    0.156939117642474351E+02    0.115536560474639494E+02
    0.296388665207277541E-91   -0.649909133911132813E+02    0.251016369219905471E+02    0.943709025383152067E+01
    0.344872787943497214E-91   -0.652959213256835938E+02    0.299084645906856750E+02    0.282963728719090888E+02
    0.358173270811983643E-91   -0.653736038208007813E+02    0.216162123617817343E+02    0.218997703582533205E+02
    0.367113368043860436E-91   -0.654249114990234375E+02    0.342404285827168930E+01    0.929926792234963706E+01
    0.403424172517166721E-91   -0.656155471801757813E+02    0.111977863614345274E+02    0.311578986835450378E+01
    0.440694390796298007E-91   -0.657942733764648438E+02    0.101371880749158940E+02    0.948839584417243564E+01
    0.444827096165075781E-91   -0.658149414062500000E+02    0.214765493282557962E+02    0.219029611581343708E+02
    0.447854158852439104E-91   -0.658305053710937500E+02    0.220156859011152406E+02    0.794947343604847756E+00
    0.472414885761762485E-91   -0.659392852783203125E+02    0.165314892428828060E+02    0.283341905916260544E+02
    0.477883026011870844E-91   -0.659643020629882813E+02    0.216164241855228312E+02    0.218608263307688944E+02
    0.494876414997034014E-91   -0.660361862182617188E+02    0.160030946567790000E+01    0.282382502302130582E+02
    0.548731646250009845E-91   -0.662447891235351563E+02    0.214742348748209473E+02    0.158162931709528234E+02
    0.585841983003450132E-91   -0.663776702880859375E+02    0.282200988979919174E+02    0.271332195807628693E+02
    0.593009728959344101E-91   -0.664039916992187500E+02    0.165298357943528949E+02    0.219170126618359014E+02
    0.609239027888275826E-91   -0.664599914550781250E+02    0.326020165099919179E+01    0.365834007277683471E+01
    0.618037775403079284E-91   -0.664906692504882813E+02    0.158696117365708105E+02    0.904270813754764902E+01
    0.619484351550574025E-91   -0.664973449707031250E+02    0.159488536786871986E+02    0.285308798103500791E+02
    0.636248857692443497E-91   -0.665527496337890625E+02    0.259541451364764164E+02    0.156737001173843105E+02
    0.653402236418775752E-91   -0.666079559326171875E+02    0.297387792012366745E+02    0.318958460574437819E+01
    0.669205676072636477E-91   -0.666577529907226563E+02    0.962736603969603522E+01    0.974941226261110216E+01
    0.713570194450348967E-91   -0.667881317138671875E+02    0.287612222306364540E+01    0.222507414923526774E+02
    0.768199049753553265E-91   -0.669376678466796875E+02    0.307478340854514229E+02    0.938660108881228084E+01
    0.805289469736989121E-91   -0.670339736938476563E+02    0.266158905521608879E+02    0.220416354931056198E+02
    0.289314924184724882E-91   -0.649886016845703125E+02    0.947651086362957784E+01    0.152285137527236198E+02
    0.295654149819350440E-91   -0.650339508056640625E+02    0.176024201783120269E+02    0.157237824448240371E+02
    0.309989315752213160E-91   -0.651306457519531250E+02    0.949677918400076138E+01    0.278819003260924738E+02
    0.313731749506663579E-91   -0.651566467285156250E+02    0.921274930867352815E+01    0.284100956761203562E+02
    0.289314924184724882E-91   -0.649886016845703125E+02    0.947651086362957784E+01    0.152285137527236198E+02
    0.295654149819350440E-91   -0.650339508056640625E+02    0.176024201783120269E+02    0.157237824448240371E+02
    0.309989315752213160E-91   -0.651306457519531250E+02    0.949677918400076138E+01    0.278819003260924738E+02
    0.313731749506663579E-91   -0.651566467285156250E+02    0.921274930867352815E+01    0.284100956761203562E+02
    0.104741159809488321E-91   -0.629565544128417969E+02    0.220094409964184656E+02    0.173090482251640374E+02
    0.105455938161877914E-91   -0.629721565246582031E+02    0.283405909167395720E+02    0.274866250105461241E+01
    0.105453868841114677E-91   -0.629741172790527344E+02    0.280737864921786482E+02    0.158369828117308362E+02
    0.111615780691529143E-91   -0.630896949768066406E+02    0.281038350635936851E+02    0.284088392050404366E+02
    0.112930763962587953E-91   -0.631151199340820313E+02    0.150575157161404540E+02    0.157427755687638857E+02
    0.115140270444709643E-91   -0.631558723449707031E+02    0.220204028171365849E+02    0.212490063480059028E+02
    0.117046682446634160E-91   -0.631907157897949219E+02    0.315282299584719716E+01    0.242556648683160034E+02
    0.120523225041603544E-91   -0.632512550354003906E+02    0.378472683214980998E+01    0.311183881920601912E+01
    0.121221942100562992E-91   -0.632648162841796875E+02    0.282647026850615433E+02    0.308382531898271992E+02
    0.121115564461699078E-91   -0.632650604248046875E+02    0.315113396914959853E+01    0.256456814094557650E+02
    0.125945715870909263E-91   -0.633452720642089844E+02    0.231242435576769978E+02    0.940946661542467311E+01
    0.126394941139182187E-91   -0.633543930053710938E+02    0.278595048058005865E+02    0.318094285606653138E+01
    0.126665652080364396E-91   -0.633606719970703125E+02    0.267859148704704921E+02    0.941293267797151856E+01
    0.133232168770335253E-91   -0.634637565612792969E+02    0.893070432059624331E+01    0.945228213143420071E+01
    0.139156249910986144E-91   -0.635527648925781250E+02    0.283588406442282590E+02    0.221239671182054209E+02
    0.148719253369716598E-91   -0.636876907348632813E+02    0.892520842995605257E+01    0.312576860812335466E+01
    0.150377545022888727E-91   -0.637118682861328125E+02    0.942080481570622474E+01    0.117024027489611218E+02
    0.150347062333079898E-91   -0.637134628295898438E+02    0.114935195813958977E+02    0.314576728343416834E+01
    0.156105793455733284E-91   -0.637906379699707031E+02    0.279140929502444877E+02    0.941015009075130671E+01
    0.162596936798569475E-91   -0.638741188049316406E+02    0.157097657307068985E+02    0.101611350002904510E+01
    0.169255302157818548E-91   -0.639563865661621094E+02    0.935327932596996625E+01    0.156927058516163331E+02
    0.169407329816388749E-91   -0.639601821899414063E+02    0.319840611879580550E+01    0.282568062043699975E+02
    0.169391404683618559E-91   -0.639619941711425781E+02    0.323180465557892127E+01    0.313105664736284339E+01
    0.170930997857045759E-91   -0.639820899963378906E+02    0.166489870779392604E+02    0.314109905332650374E+01
    0.180409929684093487E-91   -0.640920333862304688E+02    0.921640449726966260E+01    0.219800946256814740E+02
    0.184612052930899125E-91   -0.641400833129882813E+02    0.322265732141287975E+01    0.938160141998457853E+01
    0.184742281664049796E-91   -0.641434936523437500E+02    0.314406327645543815E+01    0.780169109014915740E+01
    0.192473365662879735E-91   -0.642274856567382813E+02    0.290028373124744334E+02    0.941680695317920424E+01
    0.193907382548801163E-91   -0.642443313598632813E+02    0.155839583732759301E+02    0.156587474268259204E+02
    0.205515177413088066E-91   -0.643626098632812500E+02    0.219843434079174500E+02    0.171617040524878206E+02
    0.234675131415063210E-91   -0.646299743652343750E+02    0.289897591214150641E+01    0.307676070532532364E+01
    0.241814245445684809E-91   -0.646919097900390625E+02    0.293286752799050880E+02    0.282914518495573262E+02
    0.244061426647580622E-91   -0.647124099731445313E+02    0.317642442877018372E+01    0.365635144045660221E+01
    0.254402964524157022E-91   -0.647974090576171875E+02    0.219725333287802513E+02    0.208673293826568518E+02
    0.873566279406742622E-91   -0.671987380981445313E+02    0.283244608990310169E+02    0.762821756210897917E+01
    0.887721963347521969E-91   -0.672328872680664063E+02    0.950082947751174345E+01    0.105209828775099385E+02
    0.900992751542708827E-91   -0.672645645141601563E+02    0.295943505657757111E+01    0.278309317920770205E+02
    0.931136661641766183E-91   -0.673323822021484375E+02    0.280047929348914799E+02    0.283665854495733472E+01
    0.968597817851706341E-91   -0.674132690429687500E+02    0.108080723045682614E+02    0.307606924100738333E+01
    0.103931177227747904E-90   -0.675561981201171875E+02    0.951977204300277258E+01    0.218998227892372821E+01
    0.115316749838866094E-90   -0.677661056518554688E+02    0.937304393438809669E+01    0.197991978872641177E+02
    0.117318687098437837E-90   -0.678025283813476563E+02    0.597082172811986278E+00    0.947337249473248733E+01
    0.125121063813058706E-90   -0.679333038330078125E+02    0.307072731017522171E+01    0.165291860246588085E+01
    0.125899494700146297E-90   -0.679477081298828125E+02    0.263971690849624245E+02    0.220508708364233108E+02
    0.126786711281266989E-90   -0.679637527465820313E+02    0.304322579308875385E+01    0.104532271512258479E+02
    0.146159505260961570E-90   -0.682501373291015625E+02    0.219293345424647228E+02    0.743890749492972514E+01
    0.157175078128577154E-90   -0.683974609375000000E+02    0.162111509111626262E+02    0.335698175725051229E+01
    0.179923827296996529E-90   -0.686698074340820313E+02    0.102979676872321022E+02    0.955906157534092848E+01
    0.183752576402006432E-90   -0.687139205932617188E+02    0.913011246034566959E+01    0.903220134286890719E+01
    0.194083514589598849E-90   -0.688253173828125000E+02    0.283791876110753840E+02    0.294604399602043436E+02
    0.195586969494893439E-90   -0.688427505493164063E+02    0.344565278380096318E+01    0.353220637182551478E+01
    0.199363076095601538E-90   -0.688829956054687500E+02    0.149946640741172832E+02    0.155380381940018584E+02
    0.208623176811271837E-90   -0.689757995605468750E+02    0.140160641014432716E+02    0.950541531607318468E+01
    0.161274599605836014E-93   -0.544094467163085938E+02    0.797469648440397005E+01    0.961777491470146728E+01
    0.162510573443283849E-93   -0.544267158508300781E+02    0.297472243347246668E+01    0.768200800658261596E+01
    0.172550592825047160E-93   -0.545486106872558594E+02    0.911581003693518355E+01    0.228334781734459256E+02
    0.176236894378289597E-93   -0.545928878784179688E+02    0.921995482389787391E+01    0.182379866933513379E+01
    0.178197262603062380E-93   -0.546170120239257813E+02    0.299719285517001044E+01    0.523308782322724486E+01
    0.192782577665034939E-93   -0.547763557434082031E+02    0.160096249341682046E+02    0.274340273709576010E+02
    0.207774739158861860E-93   -0.549281387329101563E+02    0.425061544788068790E+01    0.291235577805093460E+01
    0.208961747539377468E-93   -0.549415321350097656E+02    0.154231581630731664E+02    0.165828753522348045E+02
    0.220903306115298618E-93   -0.550546798706054688E+02    0.103741705048138968E+02    0.916445475484008298E+01
    0.228234272893511900E-93   -0.551219749450683594E+02    0.972776950144608499E+01    0.290754972935685814E+02
    0.229349547461104545E-93   -0.551337242126464844E+02    0.966663310161249356E+01    0.415926756607474957E+01
    0.234503643448085499E-93   -0.551801719665527344E+02    0.331478417783766677E+01    0.165772540017401360E+01
    0.256832082302458568E-93   -0.553640747070312500E+02    0.106042133194776405E+02    0.921889122393752380E+01
    0.259221790891399969E-93   -0.553845977783203125E+02    0.931013424377553989E+01    0.127662835895827360E+02
    0.267897977262306093E-93   -0.554524421691894531E+02    0.151755715666690651E+02    0.899162725142370967E+01
    0.270214327211194802E-93   -0.554716606140136719E+02    0.280586339378139371E+02    0.293771982830257947E+02
    0.276827441691913339E-93   -0.555220184326171875E+02    0.210430274824450869E+02    0.967092307962158237E+01
    0.301553646244437412E-93   -0.556951255798339844E+02    0.155309263055345852E+02    0.170460469194754225E+02
    0.302166080343152033E-93   -0.557011833190917969E+02    0.298661525252587179E+01    0.298469694747140259E+02
    0.305610563993246351E-93   -0.557258529663085938E+02    0.101752585868769589E+02    0.160071213546840703E+02
    0.321279743864470544E-93   -0.558278541564941406E+02    0.300173000781777288E+01    0.300365572295725229E+02
    0.328476574500773321E-93   -0.558741607666015625E+02    0.226831030287721589E+02    0.345892991539016936E+01
    0.331389391192334576E-93   -0.558938179016113281E+02    0.298898085230712880E+02    0.299356013699557399E+01
    0.356908650521288207E-93   -0.560441894531250000E+02    0.260801825911454586E+02    0.325942642145062678E+01
    0.365856258081860711E-93   -0.560957107543945313E+02    0.153967404372974208E+02    0.163928280156575461E+02
    0.397864625660229995E-93   -0.562654533386230469E+02    0.887681088668982632E+01    0.223693703386345781E+02
    0.406921333424755794E-93   -0.563124694824218750E+02    0.286790722414453789E+02    0.224994871880093434E+02
    0.412562819243908511E-93   -0.563420066833496094E+02    0.288140071237391275E+02    0.223710574927970356E+02
    0.419962881733169121E-93   -0.563795623779296875E+02    0.155585133537944547E+02    0.205207854756992134E+02
    0.422049658096066438E-93   -0.563914756774902344E+02    0.506793022375029878E+01    0.301973817827321245E+01
    0.431921263465894005E-93   -0.564397163391113281E+02    0.280739325499196823E+02    0.418050211457892829E+01
    0.471056259379627309E-93   -0.566151847839355469E+02    0.730681188535816517E+01    0.281631438691292111E+02
    0.483930437326268073E-93   -0.566711120605468750E+02    0.274980718178658812E+02    0.339626005437781853E+01
    0.488987819387109681E-93   -0.566939048767089844E+02    0.207981635521366712E+02    0.155372030433287662E+02
    0.514714451566819879E-93   -0.567984542846679688E+02    0.363061318192025873E+01    0.981710941366793399E+01
    0.515359575893772803E-93   -0.568029594421386719E+02    0.155790261157133187E+02    0.203488824505754202E+02
    0.537286918963094632E-93   -0.568882942199707031E+02    0.184200626478313936E+02    0.952013718735535797E+01
    0.561843189133655475E-93   -0.569796752929687500E+02    0.174541753162327637E+02    0.221111159095295662E+02
    0.562618203642294483E-93   -0.569844322204589844E+02    0.132057600971432940E+02    0.158047152861731632E+02
    0.648511088404677613E-93   -0.572705879211425781E+02    0.901317260933224951E+01    0.270808468593001495E+01
    0.804007126965564135E-93   -0.577024459838867188E+02    0.155670699303412867E+02    0.818096738090470410E+01
    0.807382900043100979E-93   -0.577128257751464844E+02    0.218216182315892659E+02    0.230004952003183405E+02
    0.827607995011811727E-93   -0.577643089294433594E+02    0.221395409929769613E+02    0.168667816402427029E+02
    0.937814725236966793E-93   -0.580163345336914063E+02    0.276985566653216502E+02    0.217164098446662237E+02
    0.964854271345471906E-93   -0.580751838684082031E+02    0.266585860213142256E+01    0.216630414838732293E+02
    0.104722496868849279E-92   -0.582410278320312500E+02    0.933664934137864222E+01    0.262491320742838639E+02
    0.105476370707591764E-92   -0.582573738098144531E+02    0.941461983213397691E+00    0.219075245262741163E+02
    0.107651672117263365E-92   -0.583002014160156250E+02    0.280507074965601300E+01    0.358671747615105607E+01
    0.108684828180773462E-92   -0.583213043212890625E+02    0.290245193968774240E+01    0.289019788246850098E+02
    0.108663833220804069E-92   -0.583229179382324219E+02    0.910131373410250788E+01    0.152466698495592610E+02
    0.113938621625735168E-92   -0.584197196960449219E+02    0.413533094936144074E+01    0.281224667882512342E+02
    0.130448944208681703E-92   -0.586923637390136719E+02    0.281591328988561997E+02    0.814687609066139728E+01
    0.133512325796099756E-92   -0.587407875061035156E+02    0.307249123827847903E+01    0.184965238752627066E+02
    0.134362437826920645E-92   -0.587554817199707031E+02    0.157914071789227943E+02    0.238896048460467441E+02
    0.136614213710708645E-92   -0.587907218933105469E+02    0.334831004701040191E+01    0.150430466371023783E+02
    0.152993865666793204E-92   -0.590191955566406250E+02    0.238255060956193603E+02    0.219101404578667385E+02
    0.162342172447674927E-92   -0.591398124694824219E+02    0.220902521229833972E+02    0.805445711875454151E+01
    0.163359960967652655E-92   -0.591543121337890625E+02    0.214728173657188606E+02    0.289713019481570733E+01
    0.176863041441502487E-92   -0.593151512145996094E+02    0.218045824870893377E+02    0.276144835246734779E+02
    0.177836476362941554E-92   -0.593281288146972656E+02    0.276447137898640527E+02    0.923010583689973885E+01
    0.178824818984837301E-92   -0.593412132263183594E+02    0.194756425401709059E+02    0.948786217165712031E+01
    0.181604080108923922E-92   -0.593740577697753906E+02    0.951333239465128599E+01    0.205147909366440899E+02
    0.183398387286219997E-92   -0.593957214355468750E+02    0.220624505937381130E+02    0.302384371157086775E+02
    0.198394273724106025E-92   -0.595549125671386719E+02    0.936020957852851687E+01    0.135321841680732255E+02
    0.211297873276279257E-92   -0.596829376220703125E+02    0.158316854098156412E+02    0.221092658448098023E+01
    0.213339171723285475E-92   -0.597041664123535156E+02    0.954549318570589378E+01    0.292248263534947519E+02
    0.213407019652739580E-92   -0.597068023681640625E+02    0.141320245851485868E+02    0.219133125323963753E+02
    0.213627225455918157E-92   -0.597108650207519531E+02    0.164058889482692436E+02    0.298023517692893058E+01
    0.216794329048418993E-92   -0.597422981262207031E+02    0.219217071074355481E+02    0.264597941502334777E+02
    0.221357850310464688E-92   -0.597859611511230469E+02    0.117239799713961883E+02    0.936546578467059909E+01
    0.235857101556079360E-92   -0.599148521423339844E+02    0.159061467697158747E+02    0.225274272848550972E+02
    0.248251812318368260E-92   -0.600192871093750000E+02    0.319503930061145702E+01    0.119653141729629464E+02
    0.255611782872436847E-92   -0.600797195434570313E+02    0.155994255135444053E+02    0.210279367217400441E+02
    0.266479333206137856E-92   -0.601649932861328125E+02    0.140551607626618562E+02    0.157747734492611862E+02
    0.268506721137254337E-92   -0.601821517944335938E+02    0.321852425796855446E+01    0.176339300196836701E+01
    0.272188753706068421E-92   -0.602113914489746094E+02    0.154973124272102023E+02    0.287400569659325100E+02
    0.278182967171187010E-92   -0.602569580078125000E+02    0.219429266756585939E+02    0.221202576260901840E+00
    0.360322984529817651E-92   -0.607764015197753906E+02    0.946591418726404399E+01    0.629750233636417622E+01
    0.369982306674273108E-92   -0.608313102722167969E+02    0.212719172500418274E+02    0.302668006529845846E+01
    0.412740926135987922E-92   -0.610520401000976563E+02    0.289821982301452401E+02    0.953316628686965117E+01
    0.434775206929192182E-92   -0.611580581665039063E+02    0.280294036642557138E+02    0.285715362933414987E+02
    0.449236353185074071E-92   -0.612254981994628906E+02    0.294528693006274125E+02    0.948830408995050512E+01
    0.467797677042419925E-92   -0.613084716796875000E+02    0.219533023928774362E+02    0.242509254818729652E+02
    0.481161543851573226E-92   -0.613668060302734375E+02    0.144137082125880678E+02    0.219356253533697689E+02
    0.500730487973417001E-92   -0.614485359191894531E+02    0.158897339992009616E+02    0.223502180492077045E+02
    0.501103783427213006E-92   -0.614520263671875000E+02    0.229778319075012263E+02    0.219227838151418872E+02
    0.502928538464079246E-92   -0.614612960815429688E+02    0.219340733295097614E+02    0.194045011850764837E+01
    0.537169673622306610E-92   -0.615950279235839844E+02    0.822312572162172906E+01    0.308759136165922810E+01
    0.547402721586139154E-92   -0.616347694396972656E+02    0.241228141176347002E+02    0.219568545920407878E+02
    0.546921308211734659E-92   -0.616350097656250000E+02    0.825178112689152066E+01    0.947900695297314577E+01
    0.547996528007517335E-92   -0.616409378051757813E+02    0.274866587161786704E+02    0.283523579275685194E+02
    0.591020619596230939E-92   -0.617941017150878906E+02    0.162422169842345170E+02    0.220971304614654258E+02
    0.594583055207423816E-92   -0.618081207275390625E+02    0.311150991154252488E+01    0.707032641766159475E+01
    0.650068669496504051E-92   -0.619885559082031250E+02    0.157711575839030242E+02    0.148783009953565539E+02
    0.658563386528632236E-92   -0.620165214538574219E+02    0.300500507178018950E+01    0.905475602864781592E+01
    0.658872100157741435E-92   -0.620194587707519531E+02    0.317014020083543713E+01    0.997523812813627453E+00
    0.702201905638549854E-92   -0.621488418579101563E+02    0.376645276170428289E+01    0.950096430004192882E+01
    0.719278917215125833E-92   -0.621988983154296875E+02    0.141380672560500837E+02    0.283065538454732177E+02
    0.768140052213526228E-92   -0.623323440551757813E+02    0.158105744486307991E+02    0.272786050816811176E+01
    0.781913563180879002E-92   -0.623698883056640625E+02    0.101603082663075259E+02    0.936750872050993522E+01
    0.225374227763318089E-90   -0.692822647094726563E+02    0.949640467697246926E+01    0.260662921254660951E+02
    0.233396344269568614E-90   -0.693544311523437500E+02    0.950047182329972451E+01    0.262184150078233209E+02
    0.225374227763318089E-90   -0.692822647094726563E+02    0.949640467697246926E+01    0.260662921254660951E+02
    0.233396344269568614E-90   -0.693544311523437500E+02    0.950047182329972451E+01    0.262184150078233209E+02
    0.131240818331644362E-90   -0.681408081054687500E+02    0.343246364880284371E+01    0.160580037520830174E+02
    0.131932321412910333E-90   -0.681534805297851563E+02    0.168263030480897200E+02    0.283697949748058136E+02
    0.141436714843116757E-90   -0.682947692871093750E+02    0.271063131233151999E+01    0.289638118075912265E+01
    0.146459318568986274E-90   -0.683667221069335938E+02    0.229756553578638680E+02    0.155954384906940380E+02
    0.150639718494396401E-90   -0.684251708984375000E+02    0.301310284999944180E+02    0.935751125538966910E+01
    0.157323557970150219E-90   -0.685141601562500000E+02    0.286776566048784325E+02    0.285492868307906491E+02
    0.159102519190568054E-90   -0.685388107299804688E+02    0.309047000993219747E+02    0.936772593458634439E+01
    0.167019127813333449E-90   -0.686380920410156250E+02    0.155591622629326913E+02    0.102025189534663614E+02
    0.183240619672209583E-90   -0.688256378173828125E+02    0.269926822214756115E+02    0.220891698486085701E+02
    0.194980957606269242E-90   -0.689520034790039063E+02    0.321067684157780597E+01    0.178170333034101240E+02
    0.197353548712441859E-90   -0.689783554077148438E+02    0.283716132064281723E+02    0.170477939947624044E+02
    0.200462639235926910E-90   -0.690117797851562500E+02    0.298009099172303804E+01    0.236911835323168685E+01
    0.242290202422855506E-90   -0.694314422607421875E+02    0.219214880208239968E+02    0.307393608639363087E+02
    0.242821030016829061E-90   -0.694380340576171875E+02    0.157740656309777147E+02    0.647819635990983134E+01
    0.242972707653055834E-90   -0.694414978027343750E+02    0.158752761553737329E+02    0.165175613265006120E+02
    0.244027631183382307E-90   -0.694523773193359375E+02    0.927622637743394662E+01    0.210703103194561869E+02
    0.243805897333717804E-90   -0.694527740478515625E+02    0.218853480925937802E+02    0.807803982632611373E+01
    0.255049375406461497E-90   -0.695451583862304688E+02    0.128995650233465753E+02    0.156399790071030473E+02
    0.259071448382784227E-90   -0.695786666870117188E+02    0.294541782026912955E+02    0.283956059991957233E+02
    0.265334252909769466E-90   -0.696286544799804688E+02    0.994897582277726933E+01    0.287837113776854148E+01
    0.265954116656972193E-90   -0.696355361938476563E+02    0.971402883857803801E+01    0.990170929073648765E+01
    0.274166949046003997E-90   -0.696985778808593750E+02    0.283435551398685064E+02    0.190604490683248287E+02
    0.275564317273938214E-90   -0.697109603881835938E+02    0.926846471927258797E+01    0.850987451797436556E+01
    0.275929003883776404E-90   -0.697158203125000000E+02    0.258114831610213749E+02    0.306837727857268705E+01
    0.288527285792812863E-90   -0.698073272705078125E+02    0.218165005930476497E+02    0.396864910627934586E+01
    0.315193864814601532E-91   -0.651679458618164063E+02    0.310100620341266175E+01    0.101551681573442121E+02
    0.316443802045882424E-91   -0.651779022216796875E+02    0.156880020433409815E+02    0.266310524692013040E+02
    0.324957392624133383E-91   -0.652330398559570313E+02    0.944012188822554776E+01    0.124074890036623504E+02
    0.326523696486198160E-91   -0.652446975708007813E+02    0.158142371273674982E+02    0.913305234051776615E+01
    0.333757965192041997E-91   -0.652905654907226563E+02    0.935307521963954613E+01    0.287246085510154501E+02
    0.334006973614609771E-91   -0.652940979003906250E+02    0.944661022249071181E+01    0.140565539288071033E+02
    0.341645453357137876E-91   -0.653413619995117188E+02    0.221987168485174422E+02    0.281136546378755128E+02
    0.371494757298623821E-91   -0.655109252929687500E+02    0.156834555280175110E+02    0.237284844323347919E+02
    0.374032279469706611E-91   -0.655265808105468750E+02    0.131379574722060983E+02    0.312189058784538709E+01
    0.387692938825432394E-91   -0.656003646850585938E+02    0.238130443742529323E+02    0.282492636328201883E+02
    0.423504420011679349E-91   -0.657791061401367188E+02    0.939725581376719887E+01    0.499358121595855220E+01
    0.441942536081026450E-91   -0.658663787841796875E+02    0.876508045986907547E+01    0.321280965910393101E+01
    0.449686247636449012E-91   -0.659031600952148438E+02    0.322511408751847783E+01    0.288452260296175815E+02
    0.466885875198694761E-91   -0.659802703857421875E+02    0.221102582884347765E+01    0.282198273803964064E+02
    0.496401537327793666E-91   -0.661049118041992188E+02    0.121964692735007194E+02    0.156815399245677956E+02
    0.242290202422855506E-90   -0.694314422607421875E+02    0.219214880208239968E+02    0.307393608639363087E+02
    0.242821030016829061E-90   -0.694380340576171875E+02    0.157740656309777147E+02    0.647819635990983134E+01
    0.242972707653055834E-90   -0.694414978027343750E+02    0.158752761553737329E+02    0.165175613265006120E+02
    0.244027631183382307E-90   -0.694523773193359375E+02    0.927622637743394662E+01    0.210703103194561869E+02
    0.243805897333717804E-90   -0.694527740478515625E+02    0.218853480925937802E+02    0.807803982632611373E+01
    0.255049375406461497E-90   -0.695451583862304688E+02    0.128995650233465753E+02    0.156399790071030473E+02
    0.259071448382784227E-90   -0.695786666870117188E+02    0.294541782026912955E+02    0.283956059991957233E+02
    0.265334252909769466E-90   -0.696286544799804688E+02    0.994897582277726933E+01    0.287837113776854148E+01
    0.265954116656972193E-90   -0.696355361938476563E+02    0.971402883857803801E+01    0.990170929073648765E+01
    0.274166949046003997E-90   -0.696985778808593750E+02    0.283435551398685064E+02    0.190604490683248287E+02
    0.275564317273938214E-90   -0.697109603881835938E+02    0.926846471927258797E+01    0.850987451797436556E+01
    0.275929003883776404E-90   -0.697158203125000000E+02    0.258114831610213749E+02    0.306837727857268705E+01
    0.288527285792812863E-90   -0.698073272705078125E+02    0.218165005930476497E+02    0.396864910627934586E+01
    0.240205888853745201E-90   -0.693756790161132813E+02    0.140521047853109895E+02    0.220794906635254158E+02
    0.257344341823555101E-90   -0.695156784057617188E+02    0.163205987176459359E+02    0.284959289419346895E+02
    0.263475831843151542E-90   -0.695649337768554688E+02    0.280815161730919307E+02    0.227049543791947706E+02
    0.265752674008234565E-90   -0.695843048095703125E+02    0.222245859214967396E+02    0.151200097039516059E+02
    0.271050626174788096E-90   -0.696259460449218750E+02    0.113062005285197511E+02    0.950893193706884965E+01
    0.293103110934597168E-90   -0.697845458984375000E+02    0.276095007665288605E+01    0.153367256860135655E+02
    0.293536808111343657E-90   -0.697896652221679688E+02    0.221104511595543478E+02    0.270217756518187606E+02
    0.309430057428384578E-90   -0.698972854614257813E+02    0.373187265524690481E+01    0.338678128149173796E+01
    0.316745747782473997E-90   -0.699461822509765625E+02    0.220628850218909314E+02    0.125309976765228992E+02
    0.326999363494768612E-90   -0.700120620727539063E+02    0.124919066329097390E+02    0.949732034665664493E+01
    0.333125407950342777E-90   -0.700513458251953125E+02    0.220943585925486232E+02    0.157121053156818791E+01
    0.357592679887341920E-90   -0.701952590942382813E+02    0.322331645378267417E+01    0.196892463688277566E+02
    0.364450319176660369E-90   -0.702354125976562500E+02    0.739927954317869840E+01    0.157964892392967222E+02
    0.369437097173718199E-90   -0.702647552490234375E+02    0.285633701675895857E+02    0.889496698742144254E+01
    0.426424134484291802E-90   -0.705538253784179688E+02    0.195508547866628675E+02    0.934089063347405357E+01
    0.437334212034057727E-90   -0.706065139770507813E+02    0.916614003646739839E+01    0.376720177576086757E+01
    0.446027230992764964E-90   -0.706480407714843750E+02    0.253820723456774200E+01    0.154384216509104348E+02
    0.455545976755750692E-90   -0.706924362182617188E+02    0.228571657429854191E+02    0.294978213792333488E+01
    0.315193864814601532E-91   -0.651679458618164063E+02    0.310100620341266175E+01    0.101551681573442121E+02
    0.316443802045882424E-91   -0.651779022216796875E+02    0.156880020433409815E+02    0.266310524692013040E+02
    0.324957392624133383E-91   -0.652330398559570313E+02    0.944012188822554776E+01    0.124074890036623504E+02
    0.326523696486198160E-91   -0.652446975708007813E+02    0.158142371273674982E+02    0.913305234051776615E+01
    0.333757965192041997E-91   -0.652905654907226563E+02    0.935307521963954613E+01    0.287246085510154501E+02
    0.334006973614609771E-91   -0.652940979003906250E+02    0.944661022249071181E+01    0.140565539288071033E+02
    0.341645453357137876E-91   -0.653413619995117188E+02    0.221987168485174422E+02    0.281136546378755128E+02
    0.371494757298623821E-91   -0.655109252929687500E+02    0.156834555280175110E+02    0.237284844323347919E+02
    0.374032279469706611E-91   -0.655265808105468750E+02    0.131379574722060983E+02    0.312189058784538709E+01
    0.387692938825432394E-91   -0.656003646850585938E+02    0.238130443742529323E+02    0.282492636328201883E+02
    0.423504420011679349E-91   -0.657791061401367188E+02    0.939725581376719887E+01    0.499358121595855220E+01
    0.441942536081026450E-91   -0.658663787841796875E+02    0.876508045986907547E+01    0.321280965910393101E+01
    0.449686247636449012E-91   -0.659031600952148438E+02    0.322511408751847783E+01    0.288452260296175815E+02
    0.466885875198694761E-91   -0.659802703857421875E+02    0.221102582884347765E+01    0.282198273803964064E+02
    0.496401537327793666E-91   -0.661049118041992188E+02    0.121964692735007194E+02    0.156815399245677956E+02
    0.258937006658533637E-91   -0.648347396850585938E+02    0.157198051801835703E+02    0.304117683310781040E+02
    0.268214669283958819E-91   -0.649072418212890625E+02    0.478859853909299371E+01    0.157233367814603682E+02
    0.286591371719245478E-91   -0.650418777465820313E+02    0.280775296899264291E+02    0.955658046627849167E+01
    0.295814232500335733E-91   -0.651073226928710938E+02    0.317738316676261201E+01    0.164964541103860540E+02
    0.299982697409104614E-91   -0.651374053955078125E+02    0.218360423697839465E+02    0.284568060652241250E+02
    0.307108550070006914E-91   -0.651864547729492188E+02    0.283095030883210192E+02    0.291381804074290223E+02
    0.324939996179784691E-91   -0.653014297485351563E+02    0.970491333750940122E+01    0.302594001466173435E+01
    0.379438886479132965E-91   -0.656136322021484375E+02    0.945015305897835844E+01    0.138960945200000854E+02
    0.407353790531689504E-91   -0.657577056884765625E+02    0.316341030953702296E+01    0.645823326276670517E+01
    0.434492195468162621E-91   -0.658887939453125000E+02    0.289557973571857685E+01    0.295111351040891412E+01
    0.439228674370561827E-91   -0.659125747680664063E+02    0.120432516869806649E+01    0.945344798501888484E+01
    0.456563929372093003E-91   -0.659920883178710938E+02    0.148403334728282719E+02    0.308306731675745604E+01
    0.461988435378060621E-91   -0.660178070068359375E+02    0.948703263858945256E+01    0.274508539717387769E+02
    0.475898106230331740E-91   -0.660792312622070313E+02    0.317341713733299580E+01    0.501733619676313847E+01
    0.479314591888290677E-91   -0.660956344604492188E+02    0.186091662266973543E+02    0.316764036642158553E+01
    0.249625308803398043E-90   -0.693366622924804688E+02    0.149694279180158016E+02    0.221703367059134422E+02
    0.250932915414149583E-90   -0.693492279052734375E+02    0.824903411783899720E+01    0.930798457343314212E+01
    0.281725576274567930E-90   -0.695828399658203125E+02    0.390394739953641068E+01    0.924316302444115401E+01
    0.284449693774618526E-90   -0.696042022705078125E+02    0.218947613267499115E+02    0.470040587900041817E+01
    0.298536114997528851E-90   -0.697029876708984375E+02    0.933407460555913104E+01    0.202657606156459238E+02
    0.304003651684700721E-90   -0.697414016723632813E+02    0.155070308845943892E+02    0.243586486834909888E+01
    0.468212826096729927E-90   -0.706072845458984375E+02    0.101504194082254653E+02    0.964890019382284869E+01
    0.471089370856028219E-90   -0.706216506958007813E+02    0.345624110002912799E+01    0.214778357598979781E+02
    0.481809685303903140E-90   -0.706687698364257813E+02    0.953456694315546471E+01    0.140718057275343114E+02
    0.488104282753472735E-90   -0.706968460083007813E+02    0.283944075767051878E+02    0.171766225399598476E+02
    0.508002567211947883E-90   -0.707788772583007813E+02    0.218939037056551200E+02    0.302577635509037073E+02
    0.525867848795474626E-90   -0.708501205444335938E+02    0.247106665647344226E+01    0.280239077736155231E+02
    0.536157025041671304E-90   -0.708909912109375000E+02    0.158142352548323561E+02    0.174912140613308829E+02
    0.554333227453273375E-90   -0.709597854614257813E+02    0.157914689725824626E+02    0.313549118508485343E+02
    0.587010172340309851E-90   -0.710764541625976563E+02    0.127339299274085569E+02    0.156228546732343787E+02
    0.269162979990836904E-90   -0.696372604370117188E+02    0.251904100679769760E+01    0.222139817549906375E+02
    0.872347535548177149E-90   -0.720260391235351563E+02    0.303933987613403600E+01    0.244118829850276100E+02
    0.269162979990836904E-90   -0.696372604370117188E+02    0.251904100679769760E+01    0.222139817549906375E+02
    0.872347535548177149E-90   -0.720260391235351563E+02    0.303933987613403600E+01    0.244118829850276100E+02
    0.141203040044226528E-90   -0.682868499755859375E+02    0.283504629220053594E+01    0.223347771244312092E+02
    0.138785457784144622E-90   -0.683111343383789063E+02    0.221261373864343769E+01    0.221083969885041647E+02
    0.367237586404521952E-89   -0.749212875366210938E+02    0.301286410176890529E+01    0.249412936103623011E+02
    0.394666653208706991E-89   -0.751241760253906250E+02    0.220437271148586333E+01    0.222806234081401300E+02
    0.696083505814206019E-89   -0.763178558349609375E+02    0.263426371165727691E+01    0.225703420452271253E+02
    0.117513685168273830E-87   -0.820291900634765625E+02    0.281876272661038252E+01    0.269026936520326281E+02
    0.173089214988495471E-87   -0.828625183105468750E+02    0.254676848585596094E+01    0.227316236423031057E+02
    0.178734967112273533E-86   -0.875907058715820313E+02    0.271572086284601388E+01    0.233107742732585876E+02
    0.457728446279778767E-86   -0.895302734375000000E+02    0.109731682810755982E+01    0.279473192137945894E+02
    0.150764513898173346E-84   -0.965783233642578125E+02    0.164861551671080120E+01    0.225019383365095180E+02
    0.120469475445584849E-82   -0.105398841857910156E+03    0.921506408443928171E+00    0.278013944521598582E+02
    0.129957796900024324E-81   -0.110214462280273437E+03    0.213232692191811424E+01    0.272843125687922914E+02
    0.135679186426590845E-89   -0.729464569091796875E+02    0.809689812773577766E+00    0.221065956096980791E+02
    0.341445657202997693E-89   -0.748292846679687500E+02    0.186834066274508964E+00    0.281466543246734986E+02
    0.370403220834827416E-89   -0.750291290283203125E+02    0.899880467862093303E+00    0.281306872175222509E+02
    0.429279567107006485E-89   -0.753611984252929688E+02    0.272352933438591016E+01    0.276224718174537678E+02
    0.181254369985822351E-88   -0.782789916992187500E+02    0.296694017742455074E+01    0.258140934750085727E+02
    0.200476993610682024E-87   -0.831227951049804688E+02    0.258824241548556611E+01    0.274665083655213991E+02
    0.703865586502894215E-87   -0.856716079711914063E+02    0.267351114157401470E+01    0.271853611282992880E+02
    0.264777665415903950E-86   -0.883584213256835938E+02    0.810508110630396572E-01    0.222586829138876183E+02
    0.732091760449526887E-86   -0.904294891357421875E+02    0.190725943312523505E+01    0.277743774857345862E+02
    0.150587532957204077E-85   -0.919089736938476563E+02    0.235098097785148630E+01    0.274733580990688679E+02
    0.302043852729016515E-85   -0.933380661010742188E+02    0.213772918580123195E+01    0.226549993589726206E+02
    0.316760871569094664E-85   -0.934702529907226563E+02    0.196245427895496788E+00    0.279566987423181708E+02
    0.820867957250565003E-85   -0.954117202758789063E+02    0.243234262974800863E+01    0.229898610732499797E+02
    0.309949089779329142E-83   -0.102711189270019531E+03    0.199501391999470856E+01    0.275251692738979798E+02
    0.511800946503776289E-83   -0.103751281738281250E+03    0.296089001638248694E+00    0.278611339113736598E+02
    0.886469204530091376E-83   -0.104886940002441406E+03    0.526010101517797479E+00    0.278407719642454019E+02
    0.241981020973615083E-82   -0.106932373046875000E+03    0.269400881788076241E+01    0.246787435856427777E+02
    0.286119703613892991E-82   -0.107304512023925781E+03    0.255930238487427131E+01    0.265517974193389286E+02
    0.597938502318091843E-82   -0.108815704345703125E+03    0.299547574044528975E+00    0.278173203341337327E+02
    0.103688995028851326E-81   -0.109953727722167969E+03    0.259291902596239199E+01    0.240001711641500712E+02
    0.796345452347844398E-81   -0.114068038940429687E+03    0.534797908936678446E+00    0.225049493730169878E+02
