    0.251270122346601674E+02    0.125691945787595998E+02    0.942900873472221485E-01    0.961997507841587801E-01    0.251343337900309827E+02    0.125615156620786745E+02    0.252497047817720421E+02    0.125051032828614677E+02    0.233853882785301721E+03    0.242998641967773438E+03
    0.310064075818716240E+02    0.706949104951263507E+01    0.898614306752507364E-01    0.430753233455256207E-01    0.310704547166126801E+02    0.708155760340404239E+01    0.310733799963214175E+02    0.711189693335672324E+01    0.195762071398964906E+03    0.207836853027343750E+03
    0.313039222463664828E+02    0.313212444039776443E+02    0.647441032258929267E-01    0.650836538154061367E-01    0.313534894016120553E+02    0.314023009709195797E+02    0.313534894016120553E+02    0.314023009709195797E+02    0.232128096681896125E+03    0.242793334960937500E+03
    0.251240528579856424E+02    0.251405801193251293E+02    0.100536742744590138E+00    0.955954681369668990E-01    0.251243306906210186E+02    0.251308689775016099E+02    0.251221844388036075E+02    0.250001419031910466E+02    0.233710699363029278E+03    0.242996231079101562E+03
    0.628506465978125473E+01    0.188609999220962870E+02    0.936597603853278199E-01    0.936360462703013097E-01    0.628664262629608128E+01    0.188484850609487040E+02    0.627314318291588346E+01    0.187120042154857167E+02    0.233160777315475798E+03    0.242999328613281250E+03
    0.125661565087691258E+02    0.251387832867185352E+02    0.101805621641892843E+00    0.979687108134139756E-01    0.125633497030557173E+02    0.251313204313314174E+02    0.126631291047444279E+02    0.250341118507079727E+02    0.233689452200989933E+03    0.242999420166015625E+03
    0.581436142299236547E+01    0.308442923020558872E+02    0.869382739586297415E-01    0.671491012673396531E-01    0.583408190786665859E+01    0.308483682857288528E+02    0.583408190786665859E+01    0.308483682857288528E+02    0.205407189631187322E+03    0.218126296997070312E+03
    0.125687507109775680E+02    0.125701958305815484E+02    0.982712958152199001E-01    0.948427401226053929E-01    0.125653655643106763E+02    0.125670116624068680E+02    0.126651020018275808E+02    0.126589355516445963E+02    0.233080497829683964E+03    0.242999908447265625E+03
    0.188417679785696706E+02    0.188527978629063888E+02    0.106098543542390997E+00    0.100893695164548589E+00    0.188507642805256133E+02    0.188539552928533034E+02    0.188369332371297133E+02    0.187026882250275648E+02    0.233011309281935212E+03    0.242998931884765625E+03
    0.789654333810330678E-01    0.251444057567205626E+02    0.564020008417619317E-01    0.983670017257926022E-01    0.433510197990983302E-02    0.251428194187100864E+02    0.119303643637796122E+00    0.251905694624114247E+02    0.232321638815267846E+03    0.242993911743164062E+03
    0.139965282221261061E+00    0.125408729206521450E+02    0.479839741746673834E-01    0.971225089929045465E-01    0.748829542159973605E-01    0.125598001690714831E+02    0.748829542159973605E-01    0.125598001690714831E+02    0.231634122082671439E+03    0.242714126586914062E+03
    0.251658604936528825E+02    0.985971759646764589E-01    0.936421182704826743E-01    0.607429839290842197E-01    0.251348533403392018E+02    0.387324209161577018E-01    0.251348533403392018E+02    0.387324209161577018E-01    0.232328414688062509E+03    0.242923828125000000E+03
    0.627067189109177292E+01    0.628117120793240957E+01    0.998383156852442472E-01    0.968363934355225137E-01    0.628128512503011738E+01    0.629410387828298035E+01    0.615130162006924941E+01    0.624425876645562727E+01    0.233619246478793173E+03    0.242993820190429688E+03
    0.188391847387586004E+02    0.628199739699980153E+01    0.990485958526875904E-01    0.111055847456179593E+00    0.188488236971311522E+02    0.628448198988378959E+01    0.186896584665953789E+02    0.626963777649710785E+01    0.233029250767447991E+03    0.242999908447265625E+03
    0.125662346013836608E+02    0.758299617992473918E-01    0.980818018319544321E-01    0.579103221545769625E-01    0.125573377730193574E+02    0.182929641724747767E-02    0.126714052354451781E+02    0.801916161646596543E-01    0.233084799448843427E+03    0.242995651245117188E+03
    0.313353908688772584E+02    0.188354898268926547E+02    0.601115700507379586E-01    0.910697866865891881E-01    0.314104219125467381E+02    0.188325724020311505E+02    0.313022758350748127E+02    0.187894208802958289E+02    0.232678567605469993E+03    0.242983871459960938E+03
    0.130284924541466257E+00    0.133071044199098515E+00    0.584866258683101534E-01    0.554296821673374504E-01    0.772247223808719963E-01    0.110090099125729493E+00    0.175050706865208378E+00    0.115609101295872763E+00    0.230916976050159434E+03    0.242086578369140625E+03
    0.188416621633312253E+02    0.313312848938794275E+02    0.969195009456694789E-01    0.627932011865015433E-01    0.188491515402780863E+02    0.314137414816142879E+02    0.188607452236023576E+02    0.313142846811756641E+02    0.232413459490937640E+03    0.242999710083007812E+03
    0.312535549021697641E+02    0.611197737153517462E+01    0.560579632806548489E-01    0.566285899675519899E-01    0.312967275064846220E+02    0.613281461568598640E+01    0.312005853002880507E+02    0.614294741153612822E+01    0.230058593107786095E+03    0.241144515991210938E+03
